1 25 0.6290732636193038
1 3 0.2314231206761649
1 30 0.2314231206761649
1 71 0.1129949164071291
3 25 0.36787944117144233
3 1 0.2314231206761649
3 20 0.1353352832366127
3 30 0.1353352832366127
8 14 0.2748728244289728
11 94 0.1353352832366127
14 8 0.2748728244289728
16 18 0.36787944117144233
18 16 0.36787944117144233
20 3 0.1353352832366127
25 1 0.6290732636193038
25 3 0.36787944117144233
25 30 0.36787944117144233
25 71 0.1027151256454035
26 60 0.1711344756880755
26 99 0.0527895599585857
26 70 0.046363429167996385
30 25 0.36787944117144233
30 71 0.27920865954978796
30 1 0.2314231206761649
30 3 0.1353352832366127
40 41 0.9433133545241698
40 42 0.3068135514778369
40 69 0.22524779076437182
40 46 0.10187789206470291
40 146 0.08300714347102978
41 40 0.9433133545241698
41 42 0.363255906907372
41 69 0.2193431155473464
41 46 0.09526788656656114
41 146 0.07799589095941499
42 41 0.363255906907372
42 40 0.3068135514778369
42 69 0.06013959229625725
42 46 0.013625243998375301
42 146 0.0056230221057771285
46 69 0.2683625825208026
46 40 0.10187789206470291
46 41 0.09526788656656114
46 53 0.06012386210665352
46 67 0.029400859354001812
46 42 0.013625243998375301
48 49 0.9567154208732195
49 48 0.9567154208732195
53 67 0.17420797946857744
53 236 0.1260503941322626
53 46 0.06012386210665352
53 69 0.05015522845196359
57 81 0.09685072766731137
57 96 0.028324412447408864
60 119 0.22733143859071991
60 26 0.1711344756880755
60 99 0.036967783698941284
60 70 0.025937895121738507
67 53 0.17420797946857744
67 78 0.12777778490338884
67 46 0.029400859354001812
69 46 0.2683625825208026
69 40 0.22524779076437182
69 41 0.2193431155473464
69 42 0.06013959229625725
69 53 0.05015522845196359
70 99 0.9700124776053398
70 26 0.046363429167996385
70 60 0.025937895121738507
71 30 0.27920865954978796
71 1 0.1129949164071291
71 146 0.11246745562609797
71 25 0.1027151256454035
78 67 0.12777778490338884
81 57 0.09685072766731137
85 124 0.044876422968841576
94 11 0.1353352832366127
96 57 0.028324412447408864
97 169 0.11984570449412572
97 235 0.0626706248021998
99 70 0.9700124776053398
99 26 0.0527895599585857
99 60 0.036967783698941284
100 101 0.18475698958740563
100 110 0.18117724324545031
101 100 0.18475698958740563
101 110 0.09457142785252416
110 100 0.18117724324545031
110 101 0.09457142785252416
116 225 0.33127950640584997
116 122 0.12457372422955867
116 135 0.12457372422955867
116 131 0.09822271791811439
116 127 0.09634090604905099
116 177 0.09174305552711687
116 117 0.09042484232643035
116 121 0.08065319781730945
116 156 0.053994892654237216
116 133 0.03613411857805614
117 126 0.8505375410556488
117 136 0.8327207774886233
117 122 0.8197535776400602
117 127 0.3128952752988848
117 156 0.28855151920885636
117 225 0.15589818403790426
117 184 0.14223028538430782
117 121 0.1303106246296541
117 135 0.11094158261414412
117 128 0.1081274742551435
119 60 0.22733143859071991
120 182 0.1679497598031744
120 203 0.03168562747364102
121 135 0.7828989040030677
121 127 0.3215575679694089
121 156 0.30168117451547793
121 262 0.2671686129420378
121 184 0.15588703340001792
121 117 0.1303106246296541
121 126 0.11829441840903422
121 136 0.11662347218264339
121 157 0.1109823018926984
121 122 0.10595384491888883
122 117 0.8197535776400602
122 126 0.704007025403668
122 136 0.6755993050722123
122 225 0.259142883222056
122 127 0.2589897110862708
122 156 0.22494633505095044
122 135 0.1353352832366127
122 116 0.12457372422955867
122 121 0.10595384491888883
122 124 0.08274105480246842
123 125 1.0
123 170 0.026362585534486893
123 178 0.009698253234261388
124 128 0.18569441833306513
124 136 0.12128427339675998
124 126 0.1170912478357752
124 117 0.10679579519817489
124 122 0.08274105480246842
124 85 0.044876422968841576
125 123 1.0
125 170 0.026362585534486893
125 178 0.009698253234261388
126 136 0.9661308314837597
126 117 0.8505375410556488
126 122 0.704007025403668
126 127 0.36787944117144233
126 156 0.3256236351021375
126 184 0.1778898711380547
126 128 0.1471561355827578
126 121 0.11829441840903422
126 124 0.1170912478357752
126 135 0.09527699018357061
127 156 0.8851368102149192
127 184 0.48355480418149527
127 126 0.36787944117144233
127 136 0.3554196703847464
127 121 0.3215575679694089
127 117 0.3128952752988848
127 122 0.2589897110862708
127 135 0.2589897110862708
127 262 0.10202006612907819
127 116 0.09634090604905099
128 124 0.18569441833306513
128 136 0.15922253766264477
128 126 0.1471561355827578
128 184 0.12154280492089545
128 117 0.1081274742551435
128 156 0.06832401959822204
128 127 0.05413571692313394
128 122 0.04301205986457161
130 178 0.08263173114764479
131 168 0.9001903447017393
131 133 0.36787944117144233
131 116 0.09822271791811439
131 204 0.07594227884643645
131 226 0.07199753904868805
131 225 0.06801031318815164
131 177 0.046037012471769875
133 131 0.36787944117144233
133 168 0.3311615209568039
133 204 0.20643251660003795
133 177 0.12514157443855448
133 155 0.0937109725247665
133 116 0.03613411857805614
133 226 0.026486414430950456
133 225 0.025019596009552
133 275 0.025019596009552
135 121 0.7828989040030677
135 262 0.28551503819655716
135 127 0.2589897110862708
135 156 0.22494633505095044
135 122 0.1353352832366127
135 116 0.12457372422955867
135 117 0.11094158261414412
135 126 0.09527699018357061
135 136 0.09143242330640657
135 157 0.08275313203210767
136 126 0.9661308314837597
136 117 0.8327207774886233
136 122 0.6755993050722123
136 127 0.3554196703847464
136 156 0.3379228538864891
136 184 0.19021940070023444
136 128 0.15922253766264477
136 124 0.12128427339675998
136 121 0.11662347218264339
136 135 0.09143242330640657
137 151 0.5821089201669113
139 226 0.05004225664209161
143 145 0.5503992239403924
144 203 0.16534931753457846
145 143 0.5503992239403924
146 71 0.11246745562609797
146 40 0.08300714347102978
146 41 0.07799589095941499
146 42 0.0056230221057771285
147 153 0.04547372217644386
151 137 0.5821089201669113
153 147 0.04547372217644386
155 275 0.45069502318194554
155 177 0.20134274821051176
155 219 0.16580143326692437
155 229 0.16244073904981327
155 261 0.16080639276152828
155 183 0.1353352832366127
155 159 0.10458814358978
155 133 0.0937109725247665
156 127 0.8851368102149192
156 184 0.5929055735752454
156 136 0.3379228538864891
156 126 0.3256236351021375
156 121 0.30168117451547793
156 117 0.28855151920885636
156 122 0.22494633505095044
156 135 0.22494633505095044
156 262 0.08651900335201347
156 128 0.06832401959822204
157 262 0.23518303462816542
157 121 0.1109823018926984
157 260 0.08651900335201347
157 135 0.08275313203210767
157 164 0.03398607638608827
158 164 0.28463388853551397
159 183 0.7728076602678984
159 165 0.3302206818767605
159 261 0.20391201613956375
159 219 0.19971121516747062
159 229 0.19718139053802666
159 180 0.1214813999120753
159 215 0.10599093760654688
159 155 0.10458814358978
159 275 0.07346965023147876
161 162 0.6158109407068882
162 161 0.6158109407068882
164 158 0.28463388853551397
164 157 0.03398607638608827
165 180 0.36787944117144233
165 159 0.3302206818767605
165 183 0.29069350139196976
165 215 0.25243798364336845
165 261 0.06118435412958239
165 219 0.059840902360233386
165 229 0.05887752314810774
168 131 0.9001903447017393
168 133 0.3311615209568039
168 226 0.10500617167583878
168 204 0.0789075147981849
168 177 0.032529275805839954
168 225 0.032094822499581864
168 116 0.001890203676771544
169 235 0.7765520778938505
169 97 0.11984570449412572
169 225 0.10509489540974438
169 122 0.007146913893389237
170 178 0.36787944117144233
170 123 0.026362585534486893
170 125 0.026362585534486893
170 182 0.02379798218829955
177 275 0.2856775444561121
177 155 0.20134274821051176
177 133 0.12514157443855448
177 261 0.11017574456552469
177 219 0.10509489540974438
177 229 0.10473568310188244
177 116 0.09174305552711687
177 131 0.046037012471769875
177 168 0.032529275805839954
177 135 0.019427326165961448
178 170 0.36787944117144233
178 130 0.08263173114764479
178 182 0.06468962253644668
178 123 0.009698253234261388
178 125 0.009698253234261388
180 215 0.6861975837506101
180 165 0.36787944117144233
180 159 0.1214813999120753
180 183 0.10694016284424773
182 120 0.1679497598031744
182 178 0.06468962253644668
182 170 0.02379798218829955
183 159 0.7728076602678984
183 165 0.29069350139196976
183 219 0.16580143326692437
183 229 0.16244073904981327
183 261 0.16080639276152828
183 155 0.1353352832366127
183 180 0.10694016284424773
183 215 0.07971978680556535
183 275 0.06099493861566033
184 156 0.5929055735752454
184 127 0.48355480418149527
184 136 0.19021940070023444
184 126 0.1778898711380547
184 121 0.15588703340001792
184 117 0.14223028538430782
184 128 0.12154280492089545
184 122 0.07648540763819021
184 135 0.07648540763819021
184 262 0.03363293998499996
185 186 0.8666389959798387
185 215 0.0062809190926282005
186 185 0.8666389959798387
186 215 0.03260309333729043
190 191 0.30234146443059673
191 190 0.30234146443059673
193 254 0.706430513768395
193 256 0.6240446791694518
193 255 0.4137387895083968
193 213 0.1271994081918345
193 258 0.012000506164696232
193 257 0.00475558496368868
197 198 0.8218493087513878
198 197 0.8218493087513878
203 144 0.16534931753457846
203 204 0.05479633225364081
203 120 0.03168562747364102
204 133 0.20643251660003795
204 168 0.0789075147981849
204 131 0.07594227884643645
204 203 0.05479633225364081
211 223 0.8305089847974791
211 222 0.4508486805446428
211 240 0.08579299891952125
213 256 0.2485146726766675
213 254 0.23511400362010557
213 193 0.1271994081918345
215 180 0.6861975837506101
215 165 0.25243798364336845
215 159 0.10599093760654688
215 183 0.07971978680556535
215 186 0.03260309333729043
215 258 0.02501642825500678
215 257 0.017028465846175143
215 185 0.0062809190926282005
217 252 0.765168307314256
217 265 0.6958960172037884
217 243 0.6896473663836415
217 264 0.6507713074468183
217 251 0.5780502303796631
217 263 0.5355656415325648
217 253 0.3958587257018566
217 288 0.23940538491394442
217 249 0.2241180909911196
217 287 0.10731855248864221
219 229 0.9901392958827283
219 261 0.9378482082522597
219 275 0.36787944117144233
219 159 0.19971121516747062
219 155 0.16580143326692437
219 183 0.16580143326692437
219 177 0.10509489540974438
219 165 0.059840902360233386
219 260 0.015888959834257393
219 262 0.005845221664622103
222 223 0.6182836679211164
222 211 0.4508486805446428
222 240 0.09390451266324244
223 211 0.8305089847974791
223 222 0.6182836679211164
223 240 0.10041887355699994
225 116 0.33127950640584997
225 122 0.259142883222056
225 117 0.15589818403790426
225 235 0.1353352832366127
225 169 0.10509489540974438
225 131 0.06801031318815164
225 135 0.0350711754996094
225 168 0.032094822499581864
225 133 0.025019596009552
225 121 0.017330140039278713
226 168 0.10500617167583878
226 131 0.07199753904868805
226 139 0.05004225664209161
226 133 0.026486414430950456
229 219 0.9901392958827283
229 261 0.9424279955392677
229 275 0.3642518908512235
229 159 0.19718139053802666
229 155 0.16244073904981327
229 183 0.16244073904981327
229 177 0.10473568310188244
229 165 0.05887752314810774
229 260 0.014914079299324992
229 262 0.0054865831582222545
235 169 0.7765520778938505
235 225 0.1353352832366127
235 97 0.0626706248021998
235 122 0.0350711754996094
235 117 0.021098524892843345
235 126 0.0008893930922587246
236 53 0.1260503941322626
237 238 0.959235707806524
237 257 0.1908199269343179
237 258 0.06491599883901257
237 255 0.016906902773232108
238 237 0.959235707806524
238 257 0.17623903645170427
238 258 0.05942493245895248
239 240 0.09390451266324244
239 272 0.02413861779990078
240 223 0.10041887355699994
240 222 0.09390451266324244
240 239 0.09390451266324244
240 211 0.08579299891952125
242 288 0.31299813087114836
242 267 0.31015644494951944
242 246 0.2886725818573808
242 337 0.1353352832366127
242 251 0.12986661376429687
242 263 0.12302020076753904
242 264 0.11514557747258403
242 273 0.11265263164134628
242 307 0.11257771004490968
242 243 0.10808678519995392
243 264 0.9437440533604287
243 265 0.9424461467763309
243 251 0.8288677408353946
243 263 0.8154033813715368
243 217 0.6896473663836415
243 252 0.4668333720179068
243 288 0.3471840349591063
243 249 0.143806671071903
243 242 0.10808678519995392
243 253 0.09028887546703161
244 310 0.8661859336445684
244 319 0.19498129969786257
244 286 0.1281671675281343
244 350 0.12529411596978682
244 306 0.12499842997944526
244 250 0.07551234884259428
244 249 0.018815118284066696
244 305 0.014046289414376458
246 268 0.36787944117144233
246 242 0.2886725818573808
246 287 0.23654643454019894
246 307 0.2362224324780858
246 249 0.1678183494679036
246 252 0.11542259478404891
246 285 0.11542259478404891
246 288 0.11395410119613975
246 267 0.1117265520224003
246 286 0.10185383180254426
249 286 0.4859496831922823
249 288 0.33671154908207007
249 287 0.2875682403043986
249 217 0.2241180909911196
249 252 0.2078738593688205
249 246 0.1678183494679036
249 265 0.15830714699664764
249 250 0.1459657178451505
249 243 0.143806671071903
249 253 0.14310089005871207
250 286 0.2905666401725853
250 253 0.22149705001976713
250 249 0.1459657178451505
250 252 0.10793063563167848
250 310 0.0837533519746836
250 244 0.07551234884259428
250 287 0.0662787150745777
250 217 0.03820025790945684
250 246 0.01136542184393732
251 263 0.941189948604828
251 264 0.8837319480110083
251 243 0.8288677408353946
251 265 0.7734391393601657
251 217 0.5780502303796631
251 252 0.388995698268431
251 288 0.32510681517963985
251 242 0.12986661376429687
251 249 0.08615462768892064
251 246 0.03737042500537919
252 217 0.765168307314256
252 253 0.6224440182905487
252 243 0.4668333720179068
252 265 0.4648240597857925
252 264 0.43691071615790983
252 251 0.388995698268431
252 263 0.3377341497894104
252 249 0.2078738593688205
252 287 0.19193141272821906
252 288 0.16073047010198652
253 252 0.6224440182905487
253 217 0.3958587257018566
253 287 0.32824084198340214
253 250 0.22149705001976713
253 286 0.1584127901102353
253 249 0.14310089005871207
253 246 0.09892004451677214
253 265 0.09184353865140309
253 243 0.09028887546703161
253 264 0.05936330317702213
254 256 0.8687384084809918
254 193 0.706430513768395
254 213 0.23511400362010557
254 255 0.12139251628213914
255 193 0.4137387895083968
255 257 0.17981415635066575
255 254 0.12139251628213914
255 258 0.07270667151097286
255 256 0.057965517815165235
255 237 0.016906902773232108
256 254 0.8687384084809918
256 193 0.6240446791694518
256 213 0.2485146726766675
256 255 0.057965517815165235
257 258 0.33755380720851497
257 237 0.1908199269343179
257 255 0.17981415635066575
257 238 0.17623903645170427
257 259 0.060128426110562815
257 215 0.017028465846175143
257 193 0.00475558496368868
258 257 0.33755380720851497
258 259 0.18682458930812937
258 255 0.07270667151097286
258 237 0.06491599883901257
258 238 0.05942493245895248
258 215 0.02501642825500678
258 193 0.012000506164696232
259 258 0.18682458930812937
259 260 0.08438652165932234
259 257 0.060128426110562815
260 157 0.08651900335201347
260 259 0.08438652165932234
260 219 0.015888959834257393
260 229 0.014914079299324992
260 275 0.005845221664622103
261 229 0.9424279955392677
261 219 0.9378482082522597
261 275 0.34501507475547977
261 159 0.20391201613956375
261 155 0.16080639276152828
261 183 0.16080639276152828
261 177 0.11017574456552469
261 165 0.06118435412958239
262 135 0.28551503819655716
262 121 0.2671686129420378
262 157 0.23518303462816542
262 127 0.10202006612907819
262 156 0.08651900335201347
262 184 0.03363293998499996
262 116 0.0160693699791115
262 275 0.015888959834257393
262 219 0.005845221664622103
262 229 0.0054865831582222545
263 251 0.941189948604828
263 264 0.8708650303221722
263 243 0.8154033813715368
263 265 0.7666456433909102
263 217 0.5355656415325648
263 252 0.3377341497894104
263 288 0.3203733406906719
263 242 0.12302020076753904
263 249 0.07643095011046513
263 246 0.029974870051085557
264 243 0.9437440533604287
264 265 0.8896964737127252
264 251 0.8837319480110083
264 263 0.8708650303221722
264 217 0.6507713074468183
264 252 0.43691071615790983
264 288 0.36787944117144233
264 249 0.12386925651228262
264 242 0.11514557747258403
264 253 0.05936330317702213
265 243 0.9424461467763309
265 264 0.8896964737127252
265 251 0.7734391393601657
265 263 0.7666456433909102
265 217 0.6958960172037884
265 252 0.4648240597857925
265 288 0.3273010415616402
265 249 0.15830714699664764
265 242 0.10038515417582833
265 253 0.09184353865140309
266 276 0.1353352832366127
267 307 0.3979442868441627
267 273 0.3538073625469857
267 242 0.31015644494951944
267 337 0.31015644494951944
267 268 0.3037042561188749
267 285 0.15885229937204043
267 288 0.13400078205198931
267 246 0.1117265520224003
267 249 0.04578565159641775
268 307 0.6421191456795744
268 246 0.36787944117144233
268 285 0.3137511419950719
268 267 0.3037042561188749
268 273 0.1255477175627029
268 242 0.1061967080952107
268 337 0.1061967080952107
268 287 0.08702057014974555
268 249 0.061736920620566196
268 288 0.04192137106722988
270 291 0.36787944117144233
272 278 0.36787944117144233
272 279 0.2274874148282493
272 239 0.02413861779990078
273 337 0.8323966148900777
273 285 0.4699603206589418
273 267 0.3538073625469857
273 307 0.15952817467199684
273 268 0.1255477175627029
273 242 0.11265263164134628
273 246 0.04618642417731721
275 155 0.45069502318194554
275 219 0.36787944117144233
275 229 0.3642518908512235
275 261 0.34501507475547977
275 177 0.2856775444561121
275 159 0.07346965023147876
275 183 0.06099493861566033
275 135 0.0350711754996094
275 133 0.025019596009552
275 121 0.017330140039278713
276 266 0.1353352832366127
276 280 0.1353352832366127
277 283 0.5236480244591644
277 284 0.1353352832366127
277 398 0.04672098702600372
277 299 0.006839045743391651
278 279 0.6183749059307548
278 272 0.36787944117144233
278 281 0.03233682040916449
279 278 0.6183749059307548
279 272 0.2274874148282493
279 281 0.08389127021815143
280 276 0.1353352832366127
281 279 0.08389127021815143
281 278 0.03233682040916449
283 277 0.5236480244591644
283 302 0.1108959303195728
283 284 0.0708680537064737
283 299 0.039845826169447304
283 397 0.026574124446663787
284 277 0.1353352832366127
284 283 0.0708680537064737
284 299 0.05053409266107378
284 398 0.04672098702600372
285 273 0.4699603206589418
285 337 0.39573028066356297
285 268 0.3137511419950719
285 307 0.2763482885088608
285 267 0.15885229937204043
285 246 0.11542259478404891
285 242 0.05355626961890753
286 249 0.4859496831922823
286 287 0.3901030910379854
286 250 0.2905666401725853
286 253 0.1584127901102353
286 310 0.15135297911359294
286 244 0.1281671675281343
286 252 0.1039517560398944
286 246 0.10185383180254426
286 217 0.06515186061440828
286 307 0.0602768955766799
287 286 0.3901030910379854
287 253 0.32824084198340214
287 249 0.2875682403043986
287 246 0.23654643454019894
287 252 0.19193141272821906
287 217 0.10731855248864221
287 268 0.08702057014974555
287 250 0.0662787150745777
287 307 0.0581670595023575
288 264 0.36787944117144233
288 243 0.3471840349591063
288 249 0.33671154908207007
288 265 0.3273010415616402
288 251 0.32510681517963985
288 263 0.3203733406906719
288 242 0.31299813087114836
288 217 0.23940538491394442
288 252 0.16073047010198652
288 267 0.13400078205198931
291 270 0.36787944117144233
292 293 0.7860199640877114
292 294 0.5236036323663108
292 327 0.28916058513818443
292 340 0.19188350898446963
292 334 0.18179394705792712
292 331 0.08895663596843806
292 522 0.07058999805522212
292 297 0.055212841156370825
292 300 0.01827734348650765
293 292 0.7860199640877114
293 294 0.657000488132474
293 327 0.36787944117144233
293 340 0.2691742906811346
293 334 0.24799806571232552
293 331 0.10811671627947823
293 522 0.09902368763349516
293 297 0.07135173051005084
293 300 0.03066399409071797
294 293 0.657000488132474
294 292 0.5236036323663108
294 334 0.3194512750816956
294 340 0.2701078164138902
294 327 0.24169697242353938
294 297 0.11767088249301738
294 522 0.09936711255838047
294 328 0.08487657215131415
294 300 0.07641233608134236
294 331 0.06734679581394065
297 300 0.6941704512097115
297 298 0.3605682797693756
297 328 0.13264565726570618
297 294 0.11767088249301738
297 303 0.11682419912697269
297 293 0.07135173051005084
297 292 0.055212841156370825
297 321 0.01041241456272243
298 300 0.6660590208129494
298 328 0.36787944117144233
298 297 0.3605682797693756
298 303 0.07967020023209184
298 294 0.031224345931573055
299 397 0.5901519429556675
299 284 0.05053409266107378
299 283 0.039845826169447304
299 302 0.021367490428970903
299 303 0.016103016051488724
299 321 0.010607625096290724
299 277 0.006839045743391651
300 297 0.6941704512097115
300 298 0.6660590208129494
300 328 0.2450294203638659
300 303 0.12161381090267016
300 294 0.07641233608134236
300 293 0.03066399409071797
300 292 0.01827734348650765
300 321 0.004144081139376236
302 397 0.11626542578657771
302 283 0.1108959303195728
302 299 0.021367490428970903
303 300 0.12161381090267016
303 297 0.11682419912697269
303 298 0.07967020023209184
303 397 0.032544784931935695
303 328 0.029309028739398862
303 299 0.016103016051488724
304 306 0.34515013788158466
304 350 0.34183648042910486
304 319 0.055892257638405766
304 307 0.0055438224788105376
305 319 0.2064192941679887
305 350 0.04937654522008339
305 306 0.033575493560815094
305 244 0.014046289414376458
306 350 0.9733838566863785
306 304 0.34515013788158466
306 319 0.17090938855148058
306 244 0.12499842997944526
306 310 0.12105222517974931
306 305 0.033575493560815094
307 268 0.6421191456795744
307 267 0.3979442868441627
307 285 0.2763482885088608
307 246 0.2362224324780858
307 273 0.15952817467199684
307 242 0.11257771004490968
307 337 0.11257771004490968
307 249 0.10994308803646477
307 286 0.0602768955766799
307 287 0.0581670595023575
310 244 0.8661859336445684
310 286 0.15135297911359294
310 319 0.14775666369116094
310 306 0.12105222517974931
310 350 0.11750757486195453
310 250 0.0837533519746836
310 249 0.062452594203970896
310 307 0.008816027671995264
311 764 0.944231404041231
311 1169 0.9301237566995911
311 771 0.9041844613731037
311 841 0.896869276989139
311 997 0.8429786716630353
311 1724 0.8196360934231405
311 1214 0.738339923540028
311 1267 0.7293203229124717
311 979 0.7122001020938211
311 775 0.6795084296768867
312 333 0.7185571165218628
312 322 0.3202870185118211
312 336 0.27534127712775014
312 348 0.26065329358697176
312 719 0.18551417249855576
312 718 0.0715838265530272
312 328 0.06657031074593482
319 305 0.2064192941679887
319 244 0.19498129969786257
319 350 0.17753704672883064
319 306 0.17090938855148058
319 310 0.14775666369116094
319 304 0.055892257638405766
321 334 0.05162958303144414
321 340 0.048934690765988095
321 294 0.047897293546651586
321 397 0.034744448638828175
321 991 0.031597450289504905
321 522 0.018002066692889042
321 299 0.010607625096290724
321 297 0.01041241456272243
321 300 0.004144081139376236
322 336 0.6391426552012014
322 312 0.3202870185118211
322 348 0.07212810439241137
322 333 0.04085143961074733
323 324 0.9642364897172958
323 325 0.9078040344061883
324 323 0.9642364897172958
324 325 0.9092120887856489
325 324 0.9092120887856489
325 323 0.9078040344061883
327 340 0.731691583046881
327 334 0.6741286355188066
327 293 0.36787944117144233
327 331 0.2938917052151679
327 292 0.28916058513818443
327 522 0.2691742906811346
327 294 0.24169697242353938
327 338 0.10014699232680739
328 298 0.36787944117144233
328 300 0.2450294203638659
328 297 0.13264565726570618
328 333 0.09835885138372422
328 294 0.08487657215131415
328 312 0.06657031074593482
328 303 0.029309028739398862
328 334 0.021002590561451633
328 340 0.0010031527259838722
331 522 0.6837564078136623
331 327 0.2938917052151679
331 340 0.2515399252038829
331 338 0.24222444379212188
331 334 0.20637125815209043
331 293 0.10811671627947823
331 292 0.08895663596843806
331 412 0.0817241243543847
331 294 0.06734679581394065
333 312 0.7185571165218628
333 719 0.2718506369981402
333 348 0.22734559523146008
333 718 0.10505428576420694
333 328 0.09835885138372422
333 322 0.04085143961074733
333 336 0.03714282770327578
334 340 0.8494753132913161
334 327 0.6741286355188066
334 294 0.3194512750816956
334 522 0.3125045035425453
334 293 0.24799806571232552
334 331 0.20637125815209043
334 292 0.18179394705792712
334 338 0.05794759542930403
334 719 0.05246217839922751
334 321 0.05162958303144414
336 322 0.6391426552012014
336 312 0.27534127712775014
336 351 0.08921218313777013
336 333 0.03714282770327578
336 348 0.01811444836053104
337 273 0.8323966148900777
337 285 0.39573028066356297
337 267 0.31015644494951944
337 242 0.1353352832366127
337 307 0.11257771004490968
337 268 0.1061967080952107
337 246 0.0390675856283129
338 331 0.24222444379212188
338 522 0.1735489858444631
338 412 0.14945460073280603
338 327 0.10014699232680739
338 340 0.06384510392833163
338 334 0.05794759542930403
338 1130 0.05298845641286361
340 334 0.8494753132913161
340 327 0.731691583046881
340 522 0.36787944117144233
340 294 0.2701078164138902
340 293 0.2691742906811346
340 331 0.2515399252038829
340 292 0.19188350898446963
340 338 0.06384510392833163
340 321 0.048934690765988095
340 328 0.0010031527259838722
348 719 0.35699909067330776
348 312 0.26065329358697176
348 333 0.22734559523146008
348 718 0.14538361976916309
348 322 0.07212810439241137
348 336 0.01811444836053104
349 1679 0.013572330118510034
349 1978 0.003823306205471006
350 306 0.9733838566863785
350 304 0.34183648042910486
350 319 0.17753704672883064
350 244 0.12529411596978682
350 310 0.11750757486195453
350 305 0.04937654522008339
351 336 0.08921218313777013
352 376 0.36787944117144233
352 353 0.3555800894293917
352 446 0.3555800894293917
352 1334 0.07326258604803043
353 352 0.3555800894293917
353 446 0.1353352832366127
353 376 0.1308106045909761
353 377 0.10590783257878221
359 361 0.32458272264740007
359 362 0.10651633906455736
359 1687 0.08039398833822205
359 565 0.06547875097814843
359 1362 0.019174418749266047
361 362 0.33218314330529575
361 359 0.32458272264740007
361 1362 0.00095111055117264
362 361 0.33218314330529575
362 359 0.10651633906455736
364 595 0.1353352832366127
368 373 0.12864453452050348
368 374 0.12509819603884753
371 372 0.9654967550065598
372 371 0.9654967550065598
373 374 0.9581265214084084
373 368 0.12864453452050348
373 375 0.12791922689340446
374 373 0.9581265214084084
374 368 0.12509819603884753
374 375 0.12308544701162782
375 373 0.12791922689340446
375 374 0.12308544701162782
376 446 0.9665668956577576
376 352 0.36787944117144233
376 1334 0.19914835636027828
376 353 0.1308106045909761
377 353 0.10590783257878221
379 391 0.13667677601632974
379 381 0.1210467687977263
379 382 0.1079275186032018
379 392 0.05983700101197745
379 527 0.05001392211233658
381 382 0.9631908274049414
381 392 0.8264664372595409
381 853 0.3166154880521496
381 383 0.30285216743764476
381 391 0.2965798811679933
381 379 0.1210467687977263
381 410 0.027380367622836726
382 381 0.9631908274049414
382 392 0.8631748956771582
382 853 0.3528825116468058
382 383 0.33908578233311415
382 391 0.3100048481211872
382 379 0.1079275186032018
382 410 0.037557835381585004
383 853 0.9857790375645664
383 392 0.469910480892101
383 382 0.33908578233311415
383 381 0.30285216743764476
383 391 0.18256750230563495
383 393 0.025803592987477173
384 385 0.9644585973845929
384 387 0.35190551419755317
384 643 0.33948604474335875
384 388 0.2868767528450012
384 389 0.27584652394743603
384 2315 0.19228982584213
384 455 0.12245555498166012
384 1275 0.05346974861597361
384 683 0.03333924855811063
385 384 0.9644585973845929
385 387 0.3388327732972247
385 643 0.30403222375256816
385 388 0.27442419103001514
385 389 0.26284729094842985
385 2315 0.19582135779528512
385 455 0.1272482789179602
385 1275 0.04866010180182399
385 683 0.037678000708907707
387 388 0.8206946691518384
387 389 0.7930364739119967
387 384 0.35190551419755317
387 385 0.3388327732972247
387 643 0.14084475472490338
387 991 0.10703423928426319
387 2315 0.06884910174814209
388 389 0.9406917199189055
388 387 0.8206946691518384
388 384 0.2868767528450012
388 385 0.27442419103001514
388 643 0.2018151062496102
388 991 0.0996182946550601
388 2315 0.06484912061984696
389 388 0.9406917199189055
389 387 0.7930364739119967
389 384 0.27584652394743603
389 385 0.26284729094842985
389 643 0.21678614360595685
389 991 0.09191942642651657
389 2315 0.05682270490779098
391 392 0.3534223635930833
391 382 0.3100048481211872
391 381 0.2965798811679933
391 853 0.18765622916878452
391 383 0.18256750230563495
391 379 0.13667677601632974
391 410 0.015796975866591616
392 382 0.8631748956771582
392 381 0.8264664372595409
392 853 0.4839094924083067
392 383 0.469910480892101
392 391 0.3534223635930833
392 410 0.07484852684494392
392 379 0.05983700101197745
393 1662 0.5506896573669732
393 889 0.1934646285254987
393 383 0.025803592987477173
393 853 0.02330630686943115
395 406 0.36787944117144233
395 1162 0.24502538236168017
395 575 0.12251359894725632
395 824 0.07398007387879617
395 453 0.010406211618624962
397 299 0.5901519429556675
397 302 0.11626542578657771
397 321 0.034744448638828175
397 303 0.032544784931935695
397 283 0.026574124446663787
398 277 0.04672098702600372
398 284 0.04672098702600372
399 478 0.3518486756258307
399 1109 0.10366674880360525
399 1359 0.04636982618541776
399 415 0.021007585301084607
399 1679 0.014970804316620422
399 916 0.007194659457419108
399 1497 0.0018395742582575667
406 1162 0.6660480443849847
406 395 0.36787944117144233
406 575 0.33302648975744603
406 435 0.1353352832366127
406 1160 0.09756771652092454
406 1159 0.09710182679960365
406 453 0.028287015946007625
406 824 0.027215748236353556
406 513 0.013999785001887704
406 452 0.005161635096692975
410 1130 0.08294937833209233
410 661 0.07905630283620967
410 392 0.07484852684494392
410 382 0.037557835381585004
410 412 0.028340083350073972
410 381 0.027380367622836726
410 391 0.015796975866591616
410 429 0.009279326107691175
410 1191 0.00920822038893281
410 430 0.007849576753831564
412 1130 0.36233506571571117
412 338 0.14945460073280603
412 684 0.12615772696824568
412 522 0.12452198747190195
412 2192 0.10286272585664598
412 331 0.0817241243543847
412 643 0.06978700866559942
412 410 0.028340083350073972
412 718 0.011315739236382672
412 719 0.00819260031064279
415 1359 0.8444135099478031
415 814 0.7804089831126317
415 815 0.7490667672424051
415 996 0.7490667672424051
415 813 0.7231551150653566
415 1268 0.7231551150653566
415 816 0.6975282838186697
415 489 0.6600958251119632
415 477 0.6493232791128783
415 791 0.6188251029343261
423 1558 0.4619044145600013
423 2257 0.08678702744589806
427 490 0.7873143577472209
427 491 0.5409656637716463
427 1110 0.282500931578371
427 792 0.24760896443081584
427 789 0.24616236248915838
427 790 0.23761945731057224
427 533 0.2319470365316961
427 780 0.20018538786876391
427 475 0.15135674491439302
427 682 0.14871623449569737
429 430 0.9845360570412097
429 1191 0.5885396165282187
429 661 0.35504468541236495
429 2192 0.26444135608733665
429 684 0.20641679942843055
429 427 0.11568599354755855
429 599 0.10293870926478596
429 490 0.0937733160390115
429 1054 0.08486596711705877
429 491 0.07290098298363137
430 429 0.9845360570412097
430 1191 0.5971125803330523
430 661 0.3495129774354894
430 2192 0.2692056430974412
430 684 0.21002534073816448
430 427 0.11436442422143703
430 599 0.10816768360714177
430 490 0.09376767264530872
430 1054 0.08241947041803696
430 491 0.07431450175025887
435 1160 0.7209333308176742
435 1159 0.7174908455309189
435 575 0.33302648975744603
435 1158 0.2720883831648374
435 406 0.1353352832366127
435 513 0.10344519675191617
435 1613 0.09317703085134947
435 1162 0.09013980073603389
435 452 0.038139611291673724
435 453 0.028287015946007625
437 614 0.2592542430369322
437 493 0.11881907020600903
437 1071 0.010330165578675755
437 1070 0.006126949060365435
444 1334 0.07326258604803043
444 1884 0.005322054083606827
446 376 0.9665668956577576
446 352 0.3555800894293917
446 1334 0.18828091944722006
446 353 0.1353352832366127
447 887 0.3646911316425901
447 471 0.13304679029058208
452 453 0.34259630603409186
452 1160 0.30767282503611293
452 1159 0.2814512165880945
452 1158 0.10949987701016442
452 1613 0.04696737819955961
452 575 0.04351824032431678
452 435 0.038139611291673724
452 1162 0.010117520913699747
452 406 0.005161635096692975
453 452 0.34259630603409186
453 575 0.15364429138856797
453 1160 0.12521954318504422
453 1159 0.12108121121752285
453 456 0.11634364162855555
453 1158 0.04564341149074649
453 1162 0.03348542398050822
453 406 0.028287015946007625
453 435 0.028287015946007625
453 395 0.010406211618624962
454 1830 0.8238349934616794
454 572 0.5302086788041191
454 2187 0.4440053186433721
454 503 0.34463299420066734
454 1275 0.32827556146579284
454 950 0.28905529817684983
454 571 0.19638810478291605
454 1054 0.13508896092959363
454 924 0.12402260005714699
454 711 0.11924089210208966
455 683 0.3342263308563324
455 1275 0.3001831390553827
455 2187 0.2699491993347201
455 572 0.2170633186255407
455 2315 0.19727343945824255
455 1830 0.1327328003621239
455 385 0.1272482789179602
455 384 0.12245555498166012
455 1261 0.12176391045148294
455 454 0.07411447400335405
456 2057 0.20275249041941648
456 824 0.13215692136678436
456 453 0.11634364162855555
456 575 0.003543591930152624
457 525 0.9754028642961474
457 524 0.36787944117144233
462 605 0.8550859295382113
462 1183 0.8429399540592905
462 1184 0.7916115506018929
462 727 0.5865280813799225
462 812 0.4733526441072067
462 606 0.4690377469729441
462 1110 0.41676351534375256
462 811 0.4028308516901809
462 2314 0.39816841386039714
462 915 0.38079872231959433
471 447 0.13304679029058208
475 1031 0.8982524798767658
475 1110 0.376795759155023
475 1058 0.3731597515750081
475 740 0.2780360089610069
475 487 0.24480238183684655
475 711 0.24449894024231286
475 867 0.2436928021309357
475 490 0.19340023459730635
475 427 0.15135674491439302
475 1245 0.14178161512373694
477 489 0.98593508367142
477 791 0.858458021064314
477 815 0.8524135058353229
477 996 0.8524135058353229
477 813 0.8472386942605873
477 1268 0.8472386942605873
477 816 0.8400124938642439
477 814 0.8216115682048285
477 415 0.6493232791128783
477 1185 0.6161960453047478
478 399 0.3518486756258307
478 1109 0.29774694683128955
478 1359 0.16940699185054817
478 415 0.09925284022066982
478 922 0.0649605843866136
478 1696 0.04747217363215739
478 916 0.03516767488350248
478 1679 0.01093093123865131
478 729 0.007342797250370003
478 2223 0.006902625140649465
479 488 0.354746439086615
479 608 0.34325918844288245
479 606 0.288215567756733
479 812 0.2788095686735961
479 915 0.27804227052173774
479 486 0.26773934927769655
479 2314 0.26029659535504307
479 811 0.24446481970096023
479 727 0.24360329299862973
479 2223 0.21848480149148145
485 486 0.17049570309015166
485 479 0.1645537253220304
485 488 0.13802714265076743
485 1965 0.086224579305911
485 686 0.0819446198105854
485 1108 0.08118794047514069
485 662 0.0003732558162606788
486 488 0.7954174189943126
486 607 0.3925289833341035
486 1965 0.2791251914097237
486 479 0.26773934927769655
486 485 0.17049570309015166
486 1273 0.1444033430325444
486 492 0.10357277768389254
486 1020 0.049134337002297364
487 867 0.9107844014391131
487 1058 0.8372993170610741
487 711 0.7395218268839399
487 924 0.6459824068257957
487 989 0.4990077196693979
487 497 0.33990439550017815
487 1031 0.3349980128420477
487 950 0.321429663784406
487 1153 0.29998819660401554
487 548 0.25998714451611266
488 486 0.7954174189943126
488 607 0.5662043895269836
488 479 0.354746439086615
488 1965 0.2709193667009862
488 1273 0.20829495440800438
488 485 0.13802714265076743
488 492 0.09918071796396481
488 1020 0.07335003399092851
488 1457 0.020272860804722098
488 1185 0.0030144170294843127
489 477 0.98593508367142
489 791 0.866645032419703
489 815 0.8664733318822782
489 996 0.8664733318822782
489 813 0.8610602871560639
489 1268 0.8610602871560639
489 816 0.8531361258292293
489 814 0.8355396102565051
489 415 0.6600958251119632
489 1185 0.6215186882377539
490 427 0.7873143577472209
490 491 0.6897253599938846
490 792 0.4046498968013245
490 789 0.3604295134890992
490 790 0.34870841536566166
490 533 0.34321917197265317
490 780 0.3264595330114865
490 1110 0.312511655608566
490 682 0.273303903408112
490 673 0.2077168947438861
491 792 0.7062520295834954
491 490 0.6897253599938846
491 789 0.666423483227729
491 790 0.6535113453391224
491 533 0.6482333929016536
491 780 0.6363150981534064
491 682 0.583139762162355
491 427 0.5409656637716463
491 673 0.5179913086885414
491 671 0.48560483795633297
492 675 0.23140701567952432
492 1965 0.20021131848610285
492 486 0.10357277768389254
492 488 0.09918071796396481
492 577 0.08909886691393634
492 674 0.0851298836113346
492 607 0.06986691078644491
492 576 0.06480575803103322
492 479 0.012723670783233658
493 437 0.11881907020600903
497 1153 0.811554608130344
497 501 0.7133408535307245
497 548 0.6912435007267264
497 547 0.6595822172241369
497 737 0.6233688288261391
497 549 0.5614673923989453
497 1490 0.36570250565421064
497 867 0.35360902270148714
497 487 0.33990439550017815
497 2199 0.308917668083595
501 737 0.8938426454598137
501 1153 0.7451097200215854
501 497 0.7133408535307245
501 548 0.6798633669641069
501 547 0.6591825811287659
501 549 0.5469828835821875
501 1004 0.35657822177151083
501 924 0.3424464441646032
501 1654 0.3373662511637163
501 711 0.3231304641646654
503 950 0.7238849264678179
503 571 0.5919639204776649
503 924 0.35165050491220773
503 454 0.34463299420066734
503 711 0.30317116612101846
503 792 0.30003390382597955
503 1830 0.29633941049013185
503 477 0.29049396992115745
503 867 0.27782468749832107
503 489 0.27676345085329634
506 507 0.9882168513893749
506 564 0.6487471068046883
506 563 0.5860804697896732
506 560 0.2268136008581624
506 617 0.09978225362849802
506 935 0.08568459081418488
506 904 0.06696711246610075
507 506 0.9882168513893749
507 564 0.6475137279558251
507 563 0.5844870180636206
507 560 0.22629508564278866
507 617 0.10002964196635368
507 935 0.08145384162968809
507 904 0.06745988369348604
512 633 0.21970234386380794
512 626 0.12475296649096501
512 631 0.1091637872317114
512 1572 0.10610908453400893
512 632 0.1016019041276585
512 630 0.03951735526809994
512 1644 0.03951735526809994
512 707 0.0339741023642658
512 1824 0.010225273019133728
513 435 0.10344519675191617
513 1159 0.10261554042822481
513 709 0.057766917022649605
513 1261 0.05002914029495864
513 708 0.04751689416261984
513 406 0.013999785001887704
513 575 0.011491621422979256
513 683 0.010902756987688094
513 1158 0.004260138039166408
513 899 0.0011808179480824836
515 849 0.36787944117144233
515 1412 0.21235720337326972
515 523 0.1648215028454314
515 1490 0.14617693608601368
515 1576 0.1409862596045582
515 497 0.1247390480031522
515 546 0.10979569414055372
515 526 0.10089047248099997
515 2199 0.09858666382501305
515 1058 0.09655124855753824
518 1491 0.8608655035078487
518 541 0.30264158073148556
518 1628 0.13600180361371755
518 957 0.09853801277311705
518 920 0.0016095153533320626
522 331 0.6837564078136623
522 340 0.36787944117144233
522 334 0.3125045035425453
522 327 0.2691742906811346
522 338 0.1735489858444631
522 412 0.12452198747190195
522 294 0.09936711255838047
522 293 0.09902368763349516
522 292 0.07058999805522212
522 321 0.018002066692889042
523 1576 0.2679509122939692
523 515 0.1648215028454314
523 637 0.096956236950496
523 849 0.0606344423598146
523 593 0.04562322991625655
523 730 0.041022685740724325
523 1628 0.02839136794599791
523 731 0.0192421556339391
523 899 0.011076744841384998
523 526 0.002515300349693227
524 457 0.36787944117144233
524 525 0.3588306606342909
525 457 0.9754028642961474
525 524 0.3588306606342909
526 958 0.7464609806653355
526 899 0.41000868799292906
526 1261 0.39830384417955206
526 950 0.2353345142052703
526 989 0.1437233805683654
526 1058 0.1391502943041541
526 487 0.1316856197763574
526 527 0.12826108471450937
526 2187 0.12381545595437583
526 1830 0.10629086126068066
527 1628 0.13595193564793054
527 526 0.12826108471450937
527 1576 0.11301859551724333
527 899 0.09879401822586406
527 683 0.07813954206757422
527 958 0.053385051673070595
527 379 0.05001392211233658
528 1824 0.002614963234094378
