1 12 0.8887219790857912
1 2 0.32694254502285913
1 14 0.32694254502285913
1 36 0.12863317318776762
1 10 0.044246861932767646
1 13 0.036683457192878036
1 30 0.02964643699278743
1 82 0.016552438879230913
1 24 0.013679665579402674
1 3 0.009009852751074946
2 12 0.36787944117144233
2 1 0.32694254502285913
2 10 0.1353352832366127
2 14 0.1353352832366127
2 36 0.04618698276419043
2 3 0.015000945333434323
2 13 0.011482915092154135
2 24 0.010251806054619192
2 30 0.009026751155751085
2 23 0.007612278528897208
3 4 0.2252454174869132
3 7 0.07511579112185263
3 11 0.05138706631791024
3 2 0.015000945333434323
3 1 0.009009852751074946
3 12 0.005518539386307175
3 30 0.0024152467679430674
3 36 0.002315610773743484
3 10 0.0020301571855172776
3 14 0.0020301571855172776
4 7 0.3399774561487015
4 3 0.2252454174869132
4 11 0.03713673910945694
5 6 0.40778946287742424
5 43 0.1353352832366127
5 96 0.029472760630859924
5 15 0.0024787521766663594
5 16 0.0010108090187290208
5 31 5.032521772231524e-05
6 5 0.40778946287742424
6 43 0.05518830245942237
6 96 0.02676242207718741
6 16 0.0024787521766663594
6 15 0.0010108090187290208
6 31 0.00012340980408667962
7 4 0.3399774561487015
7 3 0.07511579112185263
7 11 0.014991768221123558
7 17 0.00014609758805203386
8 9 0.36787944117144233
8 102 0.004215072245784007
8 84 0.002234246519913873
8 116 7.811917471460276e-05
9 8 0.36787944117144233
9 102 0.0015506384222762771
9 84 0.0008219333611851553
10 2 0.1353352832366127
10 12 0.04978706836786395
10 1 0.044246861932767646
10 14 0.018315638888734186
10 36 0.0062507283942362605
10 3 0.0020301571855172776
10 13 0.0015540435663786544
10 24 0.001387431076088709
10 30 0.0012216379243699942
10 23 0.001030209870784289
11 3 0.05138706631791024
11 4 0.03713673910945694
11 17 0.022988801105164637
11 7 0.014991768221123558
12 1 0.8887219790857912
12 2 0.36787944117144233
12 14 0.36787944117144233
12 36 0.12554923595924994
12 10 0.04978706836786395
12 13 0.031213799432740705
12 24 0.02786729810715776
12 30 0.024537253636699858
12 23 0.02069231839827023
12 82 0.016818540312957916
13 30 0.7513403427064226
13 46 0.27335247680758534
13 35 0.2714246375704085
13 36 0.25362784193716803
13 82 0.24035433407896342
13 59 0.2368118846790787
13 14 0.08484790379518431
13 1 0.036683457192878036
13 12 0.031213799432740705
13 19 0.029191506146254462
14 12 0.36787944117144233
14 36 0.3412782066849461
14 1 0.32694254502285913
14 2 0.1353352832366127
14 13 0.08484790379518431
14 24 0.07575117005293809
14 30 0.06669917068093184
14 23 0.056247553090706746
14 82 0.045717532513919405
14 59 0.019119892715832417
15 16 0.40778946287742424
15 96 0.029472760630859924
15 43 0.018315638888734186
15 5 0.0024787521766663594
15 6 0.0010108090187290208
16 15 0.40778946287742424
16 96 0.02676242207718741
16 43 0.007468924544693777
16 6 0.0024787521766663594
16 5 0.0010108090187290208
17 11 0.022988801105164637
17 7 0.00014609758805203386
18 19 0.982994006357251
18 20 0.7920440654433512
18 22 0.5094527996740121
18 34 0.32508994604932123
18 44 0.15525031103069012
18 21 0.12529806588503975
18 82 0.11963684130693782
18 59 0.04614755916620326
18 46 0.044389793326129745
18 35 0.043624918458716445
19 18 0.982994006357251
19 20 0.8089767720722115
19 22 0.5251401849085101
19 34 0.32331854348421357
19 44 0.1459703942631437
19 21 0.12331506423559722
19 82 0.1181334655534534
19 59 0.04533829184748528
19 46 0.04462407917722341
19 35 0.043883209793027525
20 19 0.8089767720722115
20 18 0.7920440654433512
20 22 0.6793981235941577
20 34 0.2755574865088868
20 21 0.09882227146514148
20 82 0.09642160489736203
20 46 0.04573478416899946
20 35 0.04529710090309097
20 59 0.035192195755204866
20 28 0.02915607254985461
21 34 0.3380243835762504
21 28 0.2720146423110227
21 29 0.2408297535463242
21 18 0.12529806588503975
21 19 0.12331506423559722
21 37 0.10923781160040746
21 33 0.10355495607182943
21 20 0.09882227146514148
21 139 0.08003452996910813
21 22 0.05908082231801821
22 20 0.6793981235941577
22 19 0.5251401849085101
22 18 0.5094527996740121
22 34 0.16000923404371384
22 21 0.05908082231801821
22 82 0.054967462996063664
22 13 0.014290760506821267
22 28 0.013206112597229543
22 46 0.009008870179570728
22 35 0.008828658033350593
23 24 0.9351874659040783
23 36 0.09475588352978814
23 14 0.056247553090706746
23 12 0.02069231839827023
23 82 0.01747372434290534
23 44 0.015616298066089758
23 2 0.007612278528897208
23 1 0.006307118554801783
23 18 0.0035227961587752615
23 19 0.003399911567354684
24 23 0.9351874659040783
24 36 0.14964266127491274
24 14 0.07575117005293809
24 12 0.02786729810715776
24 82 0.025093668879141582
24 44 0.01588320642621899
24 1 0.013679665579402674
24 2 0.010251806054619192
24 18 0.004475079757137618
24 19 0.004338054385157094
26 76 0.006737946999085469
28 37 0.5548089185925178
28 33 0.3098749555712543
28 139 0.2961434842821057
28 21 0.2720146423110227
28 32 0.1683416887206593
28 34 0.10835872458089905
28 39 0.05106703540740763
28 38 0.04219277541457152
28 18 0.03411583590921841
28 19 0.033832848684242835
29 21 0.2408297535463242
29 39 0.1237831175764631
29 44 0.10323202199985154
29 34 0.059850841243649595
29 18 0.030451750263600193
29 19 0.02871195487898146
29 33 0.026662707263966953
29 28 0.02041124246150422
29 20 0.006663506178181163
29 42 0.005139619737059444
30 13 0.7513403427064226
30 59 0.3257150403972256
30 46 0.268605943929692
30 35 0.2652969773565312
30 36 0.20790686643717365
30 82 0.20423289035200695
30 14 0.06669917068093184
30 1 0.02964643699278743
30 12 0.024537253636699858
30 18 0.02236255824643594
31 6 0.00012340980408667962
31 5 5.032521772231524e-05
32 139 0.6215770608054072
32 33 0.32410748567621506
32 37 0.24819146900717026
32 28 0.1683416887206593
32 38 0.04556661650224526
32 40 0.033589062754996374
32 21 0.029177909537017866
32 45 0.01591539011040242
32 41 0.014676817279760015
32 34 0.014582081120201646
33 139 0.6485689505324814
33 32 0.32410748567621506
33 28 0.3098749555712543
33 39 0.2784419711414019
33 37 0.1789706707842364
33 38 0.13306803373664555
33 21 0.10355495607182943
33 34 0.03870311278168386
33 41 0.03492665042214198
33 29 0.026662707263966953
34 21 0.3380243835762504
34 18 0.32508994604932123
34 19 0.32331854348421357
34 20 0.2755574865088868
34 22 0.16000923404371384
34 28 0.10835872458089905
34 29 0.059850841243649595
34 37 0.04813402845933776
34 82 0.047263287275215636
34 33 0.03870311278168386
35 46 0.9910037432816019
35 59 0.6868152208564231
35 82 0.39901563996854944
35 13 0.2714246375704085
35 30 0.2652969773565312
35 36 0.058270097811626655
35 20 0.04529710090309097
35 19 0.043883209793027525
35 18 0.043624918458716445
35 34 0.0214363710199465
36 14 0.3412782066849461
36 13 0.25362784193716803
36 30 0.20790686643717365
36 24 0.14964266127491274
36 1 0.12863317318776762
36 82 0.12847493495345827
36 12 0.12554923595924994
36 23 0.09475588352978814
36 59 0.06172870976276672
36 46 0.05909759550720174
37 28 0.5548089185925178
37 32 0.24819146900717026
37 139 0.22129281863179925
37 33 0.1789706707842364
37 21 0.10923781160040746
37 34 0.04813402845933776
37 38 0.02503256663210069
37 40 0.018315638888734186
37 18 0.011951184772898719
37 19 0.011677746589179899
38 41 0.25452162565367686
38 40 0.18496703914481147
38 33 0.13306803373664555
38 139 0.08872814479445693
38 45 0.06052120571637724
38 101 0.04621530495180918
38 32 0.04556661650224526
38 48 0.04554225532774404
38 28 0.04219277541457152
38 39 0.03590493996073167
39 33 0.2784419711414019
39 29 0.1237831175764631
39 28 0.05106703540740763
39 21 0.04414447871869276
39 42 0.03625475513456605
39 38 0.03590493996073167
39 44 0.013337379058711641
39 34 0.012348864485225066
39 41 0.009765403814223764
39 48 0.007476654501112418
40 41 0.3206785718575865
40 45 0.25052623083570036
40 38 0.18496703914481147
40 78 0.1773268780902793
40 100 0.09019994353447046
40 138 0.08140907845351965
40 101 0.05983323555427794
40 64 0.04006476654728688
40 47 0.03602647605706659
40 108 0.03549737179802736
41 40 0.3206785718575865
41 38 0.25452162565367686
41 45 0.15654475484165206
41 64 0.10819762515628137
41 63 0.09429859148962635
41 65 0.09429859148962635
41 138 0.09090134801941543
41 101 0.0906781031471749
41 100 0.0827686245849243
41 68 0.03943002672875005
42 48 0.05457525775993028
42 63 0.044079218994849914
42 65 0.044079218994849914
42 39 0.03625475513456605
42 41 0.03404622390391374
42 101 0.014098392869548995
42 38 0.013661770486453962
42 106 0.005186508890265132
42 29 0.005139619737059444
42 33 0.002584661839500189
43 96 0.21777588169177867
43 5 0.1353352832366127
43 6 0.05518830245942237
43 15 0.018315638888734186
43 16 0.007468924544693777
44 18 0.15525031103069012
44 19 0.1459703942631437
44 29 0.10323202199985154
44 34 0.025544862056227583
44 21 0.020379574064029533
44 24 0.01588320642621899
44 23 0.015616298066089758
44 82 0.014800762123046901
44 20 0.014277858249617914
44 39 0.013337379058711641
45 78 0.641644948923596
45 100 0.29346932016824734
45 138 0.2763167962606695
45 40 0.25052623083570036
45 64 0.18107805817157216
45 41 0.15654475484165206
45 101 0.13812256881719845
45 108 0.07393627121485066
45 63 0.0649283218296372
45 65 0.0649283218296372
46 35 0.9910037432816019
46 59 0.6951151620504298
46 82 0.40556746095945845
46 13 0.27335247680758534
46 30 0.268605943929692
46 36 0.05909759550720174
46 20 0.04573478416899946
46 19 0.04462407917722341
46 18 0.044389793326129745
46 34 0.02174079040976532
47 48 0.7554270968762217
47 54 0.31186878179364474
47 101 0.09816071792510715
47 108 0.03752413921578952
47 106 0.036111310055276
47 40 0.03602647605706659
47 63 0.03389351044370907
47 65 0.03389351044370907
47 38 0.0312339978198486
47 60 0.02172960120859185
48 47 0.7554270968762217
48 54 0.28588703717576686
48 101 0.14345341393174638
48 63 0.10297327158145868
48 65 0.10297327158145868
48 42 0.05457525775993028
48 106 0.05277356175134646
48 38 0.04554225532774404
48 108 0.041509834182107054
48 41 0.02793899770097426
49 50 0.5969514645922702
50 49 0.5969514645922702
51 55 0.04978706836786395
51 53 0.017808169727670846
52 672 0.5940009189571945
52 116 0.013328436175198632
52 83 0.00044397656446134475
52 102 0.00024207507205461845
52 115 3.290478392916719e-05
53 51 0.017808169727670846
53 55 0.0008866165637380735
54 47 0.31186878179364474
54 48 0.28588703717576686
54 101 0.19167603332879962
54 106 0.07051367202695756
54 108 0.058822621070139754
54 63 0.058719437011401074
54 65 0.058719437011401074
54 60 0.042354090751955134
54 69 0.01674549316507308
54 70 0.00727500698011097
55 51 0.04978706836786395
55 53 0.0008866165637380735
57 71 0.7294668153754343
57 67 0.7289022718147153
57 89 0.7161984677962712
57 99 0.7005670611030315
57 110 0.6198379225363706
57 70 0.5528681999909293
57 134 0.3568994607417646
57 62 0.29488772608887726
57 73 0.29488772608887726
57 58 0.2846430615179388
58 66 0.9551612623166946
58 74 0.949816233246587
58 62 0.945926073292018
58 134 0.7467694552113713
58 67 0.3513841914096751
58 89 0.3440810645826665
58 110 0.300184694435302
58 68 0.2899538510965527
58 60 0.2880603077005973
58 57 0.2846430615179388
59 46 0.6951151620504298
59 35 0.6868152208564231
59 82 0.4503013362863945
59 30 0.3257150403972256
59 13 0.2368118846790787
59 36 0.06172870976276672
59 18 0.04614755916620326
59 19 0.04533829184748528
59 20 0.035192195755204866
59 34 0.02270872325176078
60 134 0.490512460864445
60 108 0.30790053676096196
60 62 0.2953031374300436
60 58 0.2880603077005973
60 66 0.2480434402578508
60 74 0.24791609463927725
60 106 0.24670653259273012
60 70 0.2046449778416423
60 57 0.17617966501696491
60 71 0.1466551787291227
61 73 0.9348696712009203
61 81 0.5914393381645312
61 72 0.547660258774198
61 79 0.5357509768909653
61 67 0.35398287921083227
61 123 0.34976643589395007
61 89 0.348019961174653
61 122 0.3056431716574801
61 110 0.30428171884001504
61 163 0.3037029229677919
62 58 0.945926073292018
62 66 0.9112021076211004
62 74 0.9026797915216637
62 134 0.7777428649666168
62 67 0.33521252214589087
62 89 0.3249995093352948
62 60 0.2953031374300436
62 57 0.29488772608887726
62 110 0.2804612311114667
62 68 0.2704192267793811
63 65 1.0
63 101 0.707908775660346
63 64 0.5022953646215038
63 138 0.42190962306581986
63 100 0.37800543055387015
63 106 0.26042508479028803
63 68 0.20465145011875177
63 108 0.15896579515714052
63 48 0.10297327158145868
63 41 0.09429859148962635
64 138 0.6937876787681813
64 100 0.627268496879835
64 63 0.5022953646215038
64 65 0.5022953646215038
64 101 0.49469301753692896
64 68 0.31322393431992923
64 106 0.18198739084289994
64 45 0.18107805817157216
64 108 0.1498029089476029
64 74 0.13111998028465688
65 63 1.0
65 101 0.707908775660346
65 64 0.5022953646215038
65 138 0.42190962306581986
65 100 0.37800543055387015
65 106 0.26042508479028803
65 68 0.20465145011875177
65 108 0.15896579515714052
65 48 0.10297327158145868
65 41 0.09429859148962635
66 74 0.9898392494451279
66 58 0.9551612623166946
66 62 0.9112021076211004
66 134 0.7019715326358102
66 67 0.36787944117144233
66 89 0.35520269935065085
66 110 0.310882570161426
66 68 0.30166244949483695
66 57 0.26814816042379225
66 60 0.2480434402578508
67 89 0.9655410430644757
67 110 0.8450664412544485
67 57 0.7289022718147153
67 71 0.5189254504181677
67 99 0.4967353321356187
67 70 0.48784046327226205
67 66 0.36787944117144233
67 74 0.3641415099354336
67 61 0.35398287921083227
67 58 0.3513841914096751
68 106 0.4626986737778515
68 108 0.31580093399578935
68 64 0.31322393431992923
68 74 0.3052823701188031
68 66 0.30166244949483695
68 58 0.2899538510965527
68 62 0.2704192267793811
68 134 0.20588563910585708
68 138 0.20588563910585708
68 63 0.20465145011875177
69 122 0.1659313758699561
69 80 0.0897550889968107
69 70 0.08481052748947888
69 95 0.05094368133627014
69 60 0.05081700029614233
69 94 0.050535239580301566
69 54 0.01674549316507308
69 106 0.013604469526478034
69 87 0.011862553655603502
69 108 0.011311754555861683
70 57 0.5528681999909293
70 110 0.5362183383950626
70 89 0.5104237860992957
70 67 0.48784046327226205
70 71 0.3095115781366934
70 99 0.27965643695881137
70 60 0.2046449778416423
70 134 0.19771467114391603
70 61 0.1882703039282262
70 58 0.18687565443979892
71 99 0.9700571034105219
71 57 0.7294668153754343
71 67 0.5189254504181677
71 89 0.493728292498707
71 110 0.37849277846248086
71 72 0.36787944117144233
71 70 0.3095115781366934
71 123 0.2802982924739406
71 134 0.27791870277645514
71 77 0.24191934346250585
72 123 0.7619297549800115
72 77 0.6576049552868721
72 73 0.6076624035932857
72 122 0.5615200407312725
72 61 0.547660258774198
72 80 0.41251659011537906
72 71 0.36787944117144233
72 99 0.3568640651070508
72 105 0.29505808115157595
72 57 0.26835584439342647
73 61 0.9348696712009203
73 72 0.6076624035932857
73 81 0.559877855249543
73 79 0.521388388676396
73 123 0.40177683540378606
73 122 0.33652213576748125
73 67 0.33521252214589087
73 89 0.3249995093352948
73 163 0.3187490736751331
73 77 0.30084897259535104
74 66 0.9898392494451279
74 58 0.949816233246587
74 62 0.9026797915216637
74 134 0.6969733928503965
74 67 0.3641415099354336
74 89 0.3588924649859564
74 110 0.31458142903007996
74 68 0.3052823701188031
74 57 0.26645244514166433
74 60 0.24791609463927725
75 85 0.8746326760500734
75 94 0.07431314163610712
75 95 0.07166889940631746
75 70 0.07084446865442534
75 91 0.024487359866669244
75 87 0.017529339986097927
75 97 0.0070879595699649516
75 63 0.006274559022624078
75 65 0.006274559022624078
75 106 0.00443278723079366
76 26 0.006737946999085469
77 72 0.6576049552868721
77 123 0.6413824281332251
77 122 0.3578311103226134
77 80 0.3347933495087134
77 73 0.30084897259535104
77 99 0.2528202222121356
77 71 0.24191934346250585
77 61 0.23629680642230816
77 105 0.169521816472448
77 57 0.1429479188862387
78 45 0.641644948923596
78 40 0.1773268780902793
78 100 0.16178490808569404
78 138 0.14498801377284842
78 64 0.06307218556308039
78 108 0.0324602558937435
78 41 0.027219321792655453
78 134 0.019621993909862346
78 62 0.014340330991122198
78 32 0.013959189995536522
79 81 0.8651197671821176
79 61 0.5357509768909653
79 73 0.521388388676396
79 163 0.22213724528321602
79 67 0.21025597800228152
79 89 0.20695875315502757
79 72 0.2058953033953344
79 110 0.20299556894486612
79 57 0.11948657922169957
79 105 0.09125889883198297
80 122 0.7496047952603735
80 123 0.6400053588621681
80 72 0.41251659011537906
80 77 0.3347933495087134
80 71 0.15175637264559458
80 99 0.15050608278151678
80 105 0.14583520101666492
80 57 0.11340987663968694
80 73 0.11261537597229516
80 69 0.0897550889968107
81 79 0.8651197671821176
81 61 0.5914393381645312
81 73 0.559877855249543
81 110 0.23976454978321032
81 89 0.23192613675519066
81 67 0.2314681432653888
81 163 0.22286071879488858
81 72 0.20080990250221803
81 57 0.13334616170831953
81 105 0.10157267404052121
82 59 0.4503013362863945
82 46 0.40556746095945845
82 35 0.39901563996854944
82 13 0.24035433407896342
82 30 0.20423289035200695
82 36 0.12847493495345827
82 18 0.11963684130693782
82 19 0.1181334655534534
82 20 0.09642160489736203
82 22 0.054967462996063664
83 86 0.10837681491856205
83 115 0.01444942751584168
83 114 0.005149394850556149
83 52 0.00044397656446134475
83 119 0.00026465049652909557
83 116 0.00026096776865903835
83 120 0.0002563732734777655
84 102 0.2081442294646523
84 116 0.028813673941722778
84 8 0.002234246519913873
84 9 0.0008219333611851553
85 75 0.8746326760500734
85 95 0.08325944308631135
85 94 0.08213622831116286
85 70 0.060812358691028474
85 91 0.012089726874561115
85 87 0.011387783684741392
85 63 0.0054728837655150155
85 65 0.0054728837655150155
85 106 0.0035080092704236586
85 97 0.0028158474852425152
86 83 0.10837681491856205
86 115 0.07987110049750265
86 114 0.02816925824866523
86 119 0.0014628902343580559
86 120 0.0014024647862983114
87 90 0.6582944486761125
87 172 0.6365536947032677
87 91 0.6079943531503174
87 88 0.4742744263421
87 94 0.3071636040445232
87 97 0.24219615415792284
87 162 0.23489779418773268
87 129 0.23417501748305505
87 105 0.21736244046349804
87 95 0.1932461876386684
88 172 0.8377105842085413
88 90 0.5843251493141013
88 87 0.4742744263421
88 105 0.3194930033729516
88 129 0.30817650158204063
88 162 0.30682770082632765
88 91 0.26142899870439756
88 163 0.24686544127537244
88 133 0.23216556276539613
88 93 0.1627623031671507
89 67 0.9655410430644757
89 110 0.8778716720725737
89 57 0.7161984677962712
89 70 0.5104237860992957
89 71 0.493728292498707
89 99 0.470644814670909
89 74 0.3588924649859564
89 66 0.35520269935065085
89 61 0.348019961174653
89 58 0.3440810645826665
90 172 0.6880246611084873
90 91 0.6633673876668698
90 87 0.6582944486761125
90 88 0.5843251493141013
90 163 0.2933990885369184
90 97 0.2677114317358361
90 129 0.2531101278407613
90 162 0.24766964016113102
90 105 0.22872469308321577
90 61 0.12802938883343842
91 90 0.6633673876668698
91 87 0.6079943531503174
91 172 0.39444488338040484
91 97 0.34290577538066386
91 88 0.26142899870439756
91 163 0.17551946960490572
91 129 0.14510816327091808
91 94 0.14504809527628132
91 162 0.14157506625070906
91 105 0.12096658265750922
92 109 0.937616941901919
92 161 0.6310645305335797
92 98 0.35677973225987364
92 162 0.3184070937001233
92 129 0.31723767775504264
92 133 0.25002235115523613
92 93 0.14610186846063278
92 107 0.13125192852505912
92 88 0.12689265439974284
92 127 0.12646278733062563
93 133 0.2867891737141943
93 129 0.2822659996394618
93 162 0.2768291944995612
93 88 0.1627623031671507
93 109 0.1627623031671507
93 92 0.14610186846063278
93 161 0.11259570331511817
93 172 0.10383985820906376
93 98 0.05741120744037966
93 90 0.04467200904546002
94 95 0.8847432822120664
94 87 0.3071636040445232
94 91 0.14504809527628132
94 85 0.08213622831116286
94 75 0.07431314163610712
94 97 0.05170337752751569
94 69 0.050535239580301566
94 70 0.02148753205806731
94 104 0.006892376821548609
94 60 0.0032985695387293718
95 94 0.8847432822120664
95 87 0.1932461876386684
95 85 0.08325944308631135
95 75 0.07166889940631746
95 69 0.05094368133627014
95 91 0.034436578167253984
95 70 0.015952932423281663
95 97 0.010239752355782518
95 104 0.005651430106737226
95 60 0.0018072690727132384
96 43 0.21777588169177867
96 5 0.029472760630859924
96 15 0.029472760630859924
96 6 0.02676242207718741
96 16 0.02676242207718741
97 129 0.46218509458433266
97 162 0.4524358080557335
97 91 0.34290577538066386
97 90 0.2677114317358361
97 87 0.24219615415792284
97 161 0.19728248382673894
97 172 0.1700283943134545
97 92 0.12125457120498882
97 88 0.1210655163471359
97 109 0.1210655163471359
98 107 0.36787944117144233
98 92 0.35677973225987364
98 109 0.34665722322182363
98 127 0.3332470039130202
98 161 0.2274025136704576
98 160 0.1927036998336301
98 103 0.17011811517537156
98 162 0.11305895831283157
98 129 0.11268696897369888
98 104 0.09383205327909726
99 71 0.9700571034105219
99 57 0.7005670611030315
99 67 0.4967353321356187
99 89 0.470644814670909
99 72 0.3568640651070508
99 110 0.3541768849962394
99 123 0.2811878632594651
99 70 0.27965643695881137
99 134 0.26714405556988424
99 77 0.2528202222121356
100 138 0.932965623368155
100 64 0.627268496879835
100 101 0.5703029617776045
100 63 0.37800543055387015
100 65 0.37800543055387015
100 45 0.29346932016824734
100 108 0.25147223437245253
100 106 0.20980273487716358
100 68 0.1812399228154551
100 78 0.16178490808569404
101 63 0.707908775660346
101 65 0.707908775660346
101 138 0.5869303106939536
101 100 0.5703029617776045
101 64 0.49469301753692896
101 106 0.36787944117144233
101 108 0.2646550034764995
101 54 0.19167603332879962
101 68 0.17021732954016353
101 48 0.14345341393174638
102 84 0.2081442294646523
102 116 0.017782240046418724
102 8 0.004215072245784007
102 9 0.0015506384222762771
102 52 0.00024207507205461845
103 107 0.4624289811729154
103 127 0.4176243087413889
103 111 0.21407551362133972
103 112 0.19997959810464985
103 104 0.1735475376420082
103 98 0.17011811517537156
103 118 0.0654569728455051
103 92 0.059916009598630325
103 109 0.055980288580300304
103 159 0.05127747461351346
104 127 0.3292790530243671
104 107 0.255061965355571
104 112 0.19729811831292332
104 111 0.19128668126099574
104 103 0.1735475376420082
104 160 0.12017492451407374
104 98 0.09383205327909726
104 159 0.07748994306636314
104 92 0.037028301913696354
104 109 0.0288146782318014
105 163 0.6390071967038797
105 172 0.3432188721568432
105 88 0.3194930033729516
105 72 0.29505808115157595
105 73 0.263343806669798
105 61 0.2475170511420931
105 123 0.2461026359906372
105 90 0.22872469308321577
105 122 0.22517557301068253
105 87 0.21736244046349804
106 108 0.719406886760934
106 68 0.4626986737778515
106 101 0.36787944117144233
106 63 0.26042508479028803
106 65 0.26042508479028803
106 60 0.24670653259273012
106 134 0.21591959470467267
106 138 0.21591959470467267
106 100 0.20980273487716358
106 58 0.1827565350560248
107 127 0.9058592751251832
107 160 0.523822965534583
107 103 0.4624289811729154
107 98 0.36787944117144233
107 104 0.255061965355571
107 112 0.2522193955272045
107 111 0.24820369267186726
107 159 0.24594244072360794
107 92 0.13125192852505912
107 109 0.12752806555688842
108 106 0.719406886760934
108 68 0.31580093399578935
108 60 0.30790053676096196
108 101 0.2646550034764995
108 100 0.25147223437245253
108 134 0.24016926494102578
108 138 0.24016926494102578
108 62 0.16612132356066475
108 58 0.1617967229196614
108 63 0.15896579515714052
109 92 0.937616941901919
109 161 0.6710498430933685
109 98 0.34665722322182363
109 129 0.30817650158204063
109 162 0.30682770082632765
109 133 0.23216556276539613
109 93 0.1627623031671507
109 88 0.1353352832366127
109 107 0.12752806555688842
109 97 0.1210655163471359
110 89 0.8778716720725737
110 67 0.8450664412544485
110 57 0.6198379225363706
110 70 0.5362183383950626
110 71 0.37849277846248086
110 99 0.3541768849962394
110 74 0.31458142903007996
110 66 0.310882570161426
110 61 0.30428171884001504
110 58 0.300184694435302
111 112 0.9599916987939515
111 159 0.45375346750591905
111 127 0.2593998845477981
111 107 0.24820369267186726
111 103 0.21407551362133972
111 104 0.19128668126099574
111 158 0.1710105693239722
111 118 0.1323049004592516
111 160 0.11509484961041022
111 98 0.09130903575681495
112 111 0.9599916987939515
112 159 0.4852924135599877
112 127 0.26729653682119675
112 107 0.2522193955272045
112 103 0.19997959810464985
112 104 0.19729811831292332
112 158 0.18221693990240398
112 160 0.1273739871166525
112 118 0.12711651805289853
112 98 0.09278633027914698
114 115 0.34823079735174717
114 120 0.04978706836786395
114 119 0.04712791359131019
114 86 0.02816925824866523
114 83 0.005149394850556149
115 114 0.34823079735174717
115 86 0.07987110049750265
115 119 0.018315638888734186
115 120 0.017337390515547214
115 83 0.01444942751584168
115 52 3.290478392916719e-05
116 84 0.028813673941722778
116 102 0.017782240046418724
116 52 0.013328436175198632
116 83 0.00026096776865903835
116 8 7.811917471460276e-05
117 155 0.9098478021855717
117 157 0.9063739169950319
117 156 0.8061900831057122
117 141 0.5941844095925971
117 126 0.29801542504824596
117 158 0.2620510409691794
117 144 0.20839098932020483
117 159 0.09967893525661477
117 125 0.059954846653363085
117 132 0.053150688378066926
118 158 0.3205106414560608
118 141 0.13986963439359978
118 111 0.1323049004592516
118 112 0.12711651805289853
118 159 0.10881806148895089
118 125 0.07937350478557026
118 156 0.0770994556175505
118 107 0.07656132257026857
118 132 0.07303989069894735
118 103 0.0654569728455051
119 120 0.9465894485510585
119 114 0.04712791359131019
119 115 0.018315638888734186
119 86 0.0014628902343580559
119 83 0.00026465049652909557
120 119 0.9465894485510585
120 114 0.04978706836786395
120 115 0.017337390515547214
120 86 0.0014024647862983114
120 83 0.0002563732734777655
122 80 0.7496047952603735
122 123 0.7164388996760922
122 72 0.5615200407312725
122 77 0.3578311103226134
122 73 0.33652213576748125
122 61 0.3056431716574801
122 105 0.22517557301068253
122 71 0.20657167879078606
122 99 0.20112671161663628
122 57 0.19679126447078477
123 72 0.7619297549800115
123 122 0.7164388996760922
123 77 0.6413824281332251
123 80 0.6400053588621681
123 73 0.40177683540378606
123 61 0.34976643589395007
123 99 0.2811878632594651
123 71 0.2802982924739406
123 105 0.2461026359906372
123 57 0.21063835009005347
125 132 0.9490799269257675
125 131 0.8351091520448513
125 144 0.26826165917491906
125 141 0.20923328826623266
125 143 0.12041522996062173
125 156 0.10163167910334132
125 164 0.08569679648608779
125 152 0.08479789355734052
125 165 0.08047173865270685
125 118 0.07937350478557026
126 158 0.5224421470095418
126 157 0.33207001062300995
126 155 0.3280498099060413
126 117 0.29801542504824596
126 156 0.23108988557946739
126 159 0.20112190738581637
126 141 0.1514727727681424
126 160 0.08990691583788885
126 144 0.06767042588594187
126 112 0.049554157692787044
127 107 0.9058592751251832
127 160 0.5727551133948201
127 103 0.4176243087413889
127 98 0.3332470039130202
127 104 0.3292790530243671
127 112 0.26729653682119675
127 159 0.26502053729651165
127 111 0.2593998845477981
127 92 0.12646278733062563
127 109 0.11930362468301794
128 153 0.930016085760259
128 146 0.9068942099150925
128 166 0.9055442397982969
128 165 0.8952313922340455
128 152 0.8734150691138989
128 164 0.8606696924597694
128 154 0.8187576177105569
128 151 0.711460077372837
128 143 0.5123565240033691
128 184 0.32933722429419293
129 162 0.9816309642758624
129 133 0.5920547693401513
129 97 0.46218509458433266
129 172 0.36787944117144233
129 92 0.31723767775504264
129 88 0.30817650158204063
129 109 0.30817650158204063
129 93 0.2822659996394618
129 90 0.2531101278407613
129 161 0.2530448899170313
130 167 0.04978706836786395
130 144 0.017500135946284683
130 173 0.006737946999085469
130 104 0.0011599848547181857
130 177 0.0009118819655545166
130 179 0.00020358059104154638
130 174 0.00014762231358803803
130 193 0.00010227270896738126
130 112 0.00010151051861656641
130 254 6.871498406499813e-05
131 132 0.8854851003763349
131 125 0.8351091520448513
131 144 0.30271991438459284
131 141 0.18554002417022272
131 143 0.12290605206460162
131 164 0.07607679217813723
131 152 0.07444601487863264
131 156 0.07146524858099024
131 165 0.07103050791399247
131 146 0.06898104429014888
132 125 0.9490799269257675
132 131 0.8854851003763349
132 144 0.27668039798418603
132 141 0.20183474712065497
132 143 0.12486036033272889
132 156 0.09144163960866204
132 164 0.08279544207578741
132 152 0.08163806724233097
132 165 0.07755550305447342
132 146 0.07533129620644263
133 162 0.6072067203228212
133 129 0.5920547693401513
133 93 0.2867891737141943
133 92 0.25002235115523613
133 88 0.23216556276539613
133 109 0.23216556276539613
133 172 0.21780477768774206
133 87 0.12692445526234336
133 161 0.11445323569261727
133 90 0.1031696382452968
134 62 0.7777428649666168
134 58 0.7467694552113713
134 66 0.7019715326358102
134 74 0.6969733928503965
134 60 0.490512460864445
134 57 0.3568994607417646
134 71 0.27791870277645514
134 99 0.26714405556988424
134 67 0.25824089514432275
134 89 0.2531101278407613
135 184 0.5393887127906422
135 136 0.5365615321090353
135 183 0.5186787027215412
135 150 0.42138167303179264
135 182 0.3523847337720271
135 137 0.24563821715439854
135 145 0.213521925840462
135 152 0.20908539331277812
135 148 0.20812599590334394
135 164 0.20515066858459305
136 184 0.9970417887648185
136 150 0.8014938244516074
136 183 0.6862308736655802
136 182 0.6548775475594606
136 135 0.5365615321090353
136 165 0.3667911760753767
136 146 0.36204041881024357
136 166 0.35812524659561207
136 152 0.3543197756937149
136 164 0.3533420499998652
137 148 0.41259611660344236
137 185 0.36787944117144233
137 145 0.3229597057150365
137 140 0.2739574593267369
137 135 0.24563821715439854
137 183 0.15785966938422738
137 169 0.15178562880558163
137 198 0.11230379701029569
137 184 0.1074010475832648
137 136 0.10631728055416749
138 100 0.932965623368155
138 64 0.6937876787681813
138 101 0.5869303106939536
138 63 0.42190962306581986
138 65 0.42190962306581986
138 45 0.2763167962606695
138 108 0.24016926494102578
138 106 0.21591959470467267
138 68 0.20588563910585708
138 78 0.14498801377284842
139 33 0.6485689505324814
139 32 0.6215770608054072
139 28 0.2961434842821057
139 37 0.22129281863179925
139 38 0.08872814479445693
139 21 0.08003452996910813
139 41 0.03344073711111335
139 34 0.03336809851463416
139 40 0.029948726287762916
139 45 0.01375700322661909
140 145 0.9137988329923019
140 148 0.8064805964350402
140 199 0.6011852244381511
140 147 0.5632551335274061
140 142 0.48720877247682787
140 136 0.3525215998957761
140 168 0.3525215998957761
140 184 0.35203496700440756
140 198 0.31383532315799023
140 150 0.309477512891808
141 156 0.6882201360138933
141 117 0.5941844095925971
141 157 0.5081139170831659
141 155 0.5040434648079852
141 158 0.3087686090970961
141 144 0.20993651274761427
141 125 0.20923328826623266
141 132 0.20183474712065497
141 131 0.18554002417022272
141 126 0.1514727727681424
142 145 0.550759120740976
142 140 0.48720877247682787
142 148 0.34525048900565924
142 136 0.19311524276335448
142 168 0.19311524276335448
142 184 0.19308093892882214
142 135 0.15871585859812726
142 169 0.12701055695956912
142 198 0.12690411350279518
142 143 0.12290605206460162
143 164 0.6500195061794974
143 152 0.6388107785011838
143 165 0.6121083972666236
143 146 0.5964991240954475
143 166 0.5902915754552306
143 128 0.5123565240033691
143 153 0.4619812063128266
143 154 0.3558352520129855
143 151 0.23341280423472516
143 184 0.2251820951227927
144 131 0.30271991438459284
144 132 0.27668039798418603
144 125 0.26826165917491906
144 141 0.20993651274761427
144 117 0.20839098932020483
144 157 0.20300590616605088
144 155 0.19058391306098152
144 156 0.17263031298364048
144 166 0.07723132699107373
144 146 0.07547238956210245
145 140 0.9137988329923019
145 148 0.7866017745572143
145 142 0.550759120740976
145 199 0.5191157075183946
145 147 0.48205138183314206
145 184 0.35141504808135415
145 136 0.35056254230486544
145 168 0.35056254230486544
145 137 0.3229597057150365
145 198 0.29128892183348254
146 166 0.9864664509369974
146 165 0.9831232160081287
146 152 0.9486603222506185
146 164 0.9446210144114611
146 128 0.9068942099150925
146 153 0.8403590209683672
146 154 0.7270866626401095
146 151 0.636507674340204
146 143 0.5964991240954475
146 136 0.36204041881024357
147 199 0.9598557800933705
147 148 0.5958166508371251
147 140 0.5632551335274061
147 145 0.48205138183314206
147 202 0.3160099987293684
147 182 0.2959657590784499
147 150 0.26316014430522966
147 198 0.24805801833682936
147 183 0.22888315651721436
147 169 0.21918869655060197
148 140 0.8064805964350402
148 145 0.7866017745572143
148 199 0.623408079020968
148 147 0.5958166508371251
148 137 0.41259611660344236
148 169 0.36787944117144233
148 142 0.34525048900565924
148 183 0.32847953918206935
148 198 0.3283823385634354
148 150 0.3078611136603807
149 182 0.11703483236441983
149 183 0.11373610327037706
149 151 0.041472215508713856
149 147 0.03722274630583035
149 154 0.031896713181530735
149 199 0.026502648823509632
149 202 0.021117588650785862
149 196 0.0071911322161809545
149 221 0.005522061362987586
149 197 0.005210093824329533
150 182 0.8457849049576847
150 136 0.8014938244516074
150 184 0.8010134647246211
150 183 0.7862704720913196
150 135 0.42138167303179264
150 128 0.3247510361173455
150 153 0.3201522644249539
150 140 0.309477512891808
150 148 0.3078611136603807
150 166 0.3031648796223457
151 154 0.7664491150059302
151 153 0.7328863121531842
151 128 0.711460077372837
151 166 0.6431204797165465
151 146 0.636507674340204
151 165 0.6204344987676214
151 152 0.590709697126484
151 164 0.5818750094594469
151 182 0.34468560087178524
151 150 0.30130532417355477
152 164 0.9823569845814484
152 165 0.9651195844033025
152 146 0.9486603222506185
152 166 0.9366921639154576
152 128 0.8734150691138989
152 153 0.8168127443983362
152 154 0.7044684588546016
152 143 0.6388107785011838
152 151 0.590709697126484
152 184 0.3550476533739016
153 128 0.930016085760259
153 154 0.8864881899303239
153 146 0.8403590209683672
153 166 0.8370512472481405
153 165 0.8313206772237194
153 152 0.8168127443983362
153 164 0.8014683805513698
153 151 0.7328863121531842
153 143 0.4619812063128266
153 150 0.3201522644249539
154 153 0.8864881899303239
154 128 0.8187576177105569
154 151 0.7664491150059302
154 146 0.7270866626401095
154 166 0.7244646547464763
154 165 0.7178089909531067
154 152 0.7044684588546016
154 164 0.6886334017491869
154 183 0.35598786141503025
154 143 0.3558352520129855
155 157 0.9606215225442976
155 117 0.9098478021855717
155 156 0.7364177548846417
155 141 0.5040434648079852
155 126 0.3280498099060413
155 158 0.23003823026515618
155 144 0.19058391306098152
155 159 0.087844242049476
155 151 0.04077141682644871
155 160 0.03845065716867901
156 117 0.8061900831057122
156 155 0.7364177548846417
156 157 0.7173896553445496
156 141 0.6882201360138933
156 158 0.3114598557252094
156 126 0.23108988557946739
156 144 0.17263031298364048
156 159 0.11654669971892076
156 125 0.10163167910334132
156 132 0.09144163960866204
157 155 0.9606215225442976
157 117 0.9063739169950319
157 156 0.7173896553445496
157 141 0.5081139170831659
157 126 0.33207001062300995
157 158 0.22781944092078626
157 144 0.20300590616605088
157 159 0.08710765048684686
157 151 0.03980196958428664
157 160 0.03760013008995553
158 126 0.5224421470095418
158 159 0.3587817509825641
158 118 0.3205106414560608
158 156 0.3114598557252094
158 141 0.3087686090970961
158 117 0.2620510409691794
158 155 0.23003823026515618
158 157 0.22781944092078626
158 112 0.18221693990240398
158 111 0.1710105693239722
159 112 0.4852924135599877
159 111 0.45375346750591905
159 158 0.3587817509825641
159 160 0.31355764039376116
159 127 0.26502053729651165
159 107 0.24594244072360794
159 126 0.20112190738581637
159 156 0.11654669971892076
159 141 0.11192562451014144
159 118 0.10881806148895089
160 127 0.5727551133948201
160 107 0.523822965534583
160 159 0.31355764039376116
160 98 0.1927036998336301
160 112 0.1273739871166525
160 104 0.12017492451407374
160 111 0.11509484961041022
160 158 0.11277240777910352
160 161 0.10784637213483164
160 126 0.08990691583788885
161 109 0.6710498430933685
161 92 0.6310645305335797
161 129 0.2530448899170313
161 162 0.2462875298857144
161 98 0.2274025136704576
161 97 0.19728248382673894
161 133 0.11445323569261727
161 93 0.11259570331511817
161 90 0.10793549273117206
161 160 0.10784637213483164
162 129 0.9816309642758624
162 133 0.6072067203228212
162 97 0.4524358080557335
162 172 0.36112185057438834
162 92 0.3184070937001233
162 88 0.30682770082632765
162 109 0.30682770082632765
162 93 0.2768291944995612
162 90 0.24766964016113102
162 161 0.2462875298857144
163 105 0.6390071967038797
163 73 0.3187490736751331
163 61 0.3037029229677919
163 90 0.2933990885369184
163 172 0.2530448899170313
163 88 0.24686544127537244
163 81 0.22286071879488858
163 79 0.22213724528321602
163 72 0.21871903387122416
163 87 0.17979966727492114
164 152 0.9823569845814484
164 165 0.9612595090966517
164 146 0.9446210144114611
164 166 0.9350437059243891
164 128 0.8606696924597694
164 153 0.8014683805513698
164 154 0.6886334017491869
164 143 0.6500195061794974
164 151 0.5818750094594469
164 184 0.35362761102721124
165 146 0.9831232160081287
165 166 0.9715525872501283
165 152 0.9651195844033025
165 164 0.9612595090966517
165 128 0.8952313922340455
165 153 0.8313206772237194
165 154 0.7178089909531067
165 151 0.6204344987676214
165 143 0.6121083972666236
165 184 0.36787944117144233
166 146 0.9864664509369974
166 165 0.9715525872501283
166 152 0.9366921639154576
166 164 0.9350437059243891
166 128 0.9055442397982969
166 153 0.8370512472481405
166 154 0.7244646547464763
166 151 0.6431204797165465
166 143 0.5902915754552306
166 136 0.35812524659561207
167 173 0.1353352832366127
167 130 0.04978706836786395
167 177 0.018315638888734186
167 179 0.004089025478209348
167 174 0.002965073430258926
167 193 0.0020542022721987624
167 254 0.001380177349613772
167 144 0.0008712804648045889
167 180 0.00040127905250144654
167 253 0.0002479365415958413
168 198 0.8193832860532488
168 169 0.7911112768356625
168 202 0.3807657308454789
168 171 0.3636578175841053
168 140 0.3525215998957761
168 145 0.35056254230486544
168 215 0.35056254230486544
168 181 0.3052662814338556
168 148 0.2910335744267297
168 185 0.2890003317815757
169 198 0.8926357437038723
169 168 0.7911112768356625
169 202 0.4654351650642238
169 185 0.41259611660344236
169 148 0.36787944117144233
169 181 0.35141682248936923
169 140 0.2966876311321341
169 171 0.2951799240888205
169 145 0.2893746212485728
169 215 0.2893746212485728
170 215 0.37398669547191055
170 175 0.36787944117144233
170 171 0.32901098052470595
170 176 0.3279906622464548
170 181 0.2100135606208931
170 168 0.12416789662104703
170 142 0.10197628360559913
170 169 0.07148338834513972
170 198 0.061568226662208035
170 145 0.050613595358415836
171 215 0.9497189844670233
171 181 0.8412497269145597
171 197 0.5495204492150048
171 221 0.5428363307487871
171 168 0.3636578175841053
171 170 0.32901098052470595
171 198 0.30537406122160865
171 169 0.2951799240888205
171 196 0.26240061992534136
171 195 0.20707524820637896
172 88 0.8377105842085413
172 90 0.6880246611084873
172 87 0.6365536947032677
172 91 0.39444488338040484
172 129 0.36787944117144233
172 162 0.36112185057438834
172 105 0.3432188721568432
172 163 0.2530448899170313
172 133 0.21780477768774206
172 97 0.1700283943134545
173 167 0.1353352832366127
173 177 0.1353352832366127
173 179 0.030214038648445594
173 174 0.021909093913631935
173 193 0.015178615827827464
173 254 0.010198207862769582
173 130 0.006737946999085469
173 180 0.002965073430258926
173 253 0.001832017014826524
173 191 0.0008035984694771399
174 179 0.8570944073377493
174 254 0.27153190492781076
174 193 0.2386419530964482
174 177 0.16188752400456644
174 194 0.15852540271887722
174 180 0.1353352832366127
174 191 0.09678641198864639
174 253 0.08691248251661864
174 190 0.047397946740565196
174 195 0.04692154565797726
175 176 0.8915710570887863
175 170 0.36787944117144233
175 215 0.13758201653576083
175 171 0.12103637565469712
175 178 0.10443574438837824
175 181 0.07725967131963898
175 168 0.04567881642038421
