1 12 0.6290732636193038
1 2 0.2314231206761649
1 14 0.2314231206761649
1 36 0.1129949164071291
2 12 0.36787944117144233
2 1 0.2314231206761649
2 10 0.1353352832366127
2 14 0.1353352832366127
4 7 0.2748728244289728
5 43 0.1353352832366127
7 4 0.2748728244289728
8 9 0.36787944117144233
9 8 0.36787944117144233
10 2 0.1353352832366127
12 1 0.6290732636193038
12 2 0.36787944117144233
12 14 0.36787944117144233
12 36 0.1027151256454035
13 30 0.1711344756880755
13 46 0.0527895599585857
13 35 0.046363429167996385
14 12 0.36787944117144233
14 36 0.27920865954978796
14 1 0.2314231206761649
14 2 0.1353352832366127
18 19 0.9433133545241698
18 20 0.3068135514778369
18 34 0.22524779076437182
18 21 0.10187789206470291
18 82 0.08300714347102978
19 18 0.9433133545241698
19 20 0.363255906907372
19 34 0.2193431155473464
19 21 0.09526788656656114
19 82 0.07799589095941499
20 19 0.363255906907372
20 18 0.3068135514778369
20 34 0.06013959229625725
20 21 0.013625243998375301
20 82 0.0056230221057771285
21 34 0.2683625825208026
21 18 0.10187789206470291
21 19 0.09526788656656114
21 28 0.04833011163671023
21 33 0.029400859354001812
21 20 0.013625243998375301
23 24 0.7839582196802614
24 23 0.7839582196802614
28 33 0.17453115583748222
28 139 0.12875958487365372
28 21 0.04833011163671023
28 34 0.045413421050900585
29 39 0.09682806436944731
29 44 0.028324412447408864
30 59 0.22733143859071991
30 13 0.1711344756880755
30 46 0.036967783698941284
30 35 0.025937895121738507
33 28 0.17453115583748222
33 38 0.12777778490338884
33 21 0.029400859354001812
34 21 0.2683625825208026
34 18 0.22524779076437182
34 19 0.2193431155473464
34 20 0.06013959229625725
34 28 0.045413421050900585
35 46 0.9700124776053398
35 13 0.046363429167996385
35 30 0.025937895121738507
36 14 0.27920865954978796
36 1 0.1129949164071291
36 82 0.11246745562609797
36 12 0.1027151256454035
38 33 0.12777778490338884
39 29 0.09682806436944731
41 64 0.044876422968841576
43 5 0.1353352832366127
44 29 0.028324412447408864
45 100 0.11984570449412572
45 138 0.0626706248021998
46 35 0.9700124776053398
46 13 0.0527895599585857
46 30 0.036967783698941284
47 48 0.18475698958740563
47 54 0.18117724324545031
48 47 0.18475698958740563
48 54 0.09457142785252416
54 47 0.18117724324545031
54 48 0.09457142785252416
57 134 0.33127950640584997
57 62 0.12457372422955867
57 73 0.12457372422955867
57 71 0.09822271791811439
57 67 0.09634090604905099
57 105 0.09174305552711687
57 58 0.09042484232643035
57 61 0.08065319781730945
57 89 0.053994892654237216
57 72 0.03613411857805614
58 66 0.8505375410556488
58 74 0.8327207774886233
58 62 0.8197535776400602
58 67 0.3128952752988848
58 89 0.28855151920885636
58 134 0.15589818403790426
58 110 0.14223028538430782
58 61 0.1303106246296541
58 73 0.11094158261414412
58 68 0.1081274742551435
59 30 0.22733143859071991
60 108 0.1679497598031744
60 122 0.03168562747364102
61 73 0.7828989040030677
61 67 0.3215575679694089
61 89 0.30168117451547793
61 110 0.15588703340001792
61 163 0.15395771382594084
61 58 0.1303106246296541
61 66 0.11829441840903422
61 74 0.11662347218264339
61 90 0.1109823018926984
61 62 0.10595384491888883
62 58 0.8197535776400602
62 66 0.704007025403668
62 74 0.6755993050722123
62 134 0.259142883222056
62 67 0.2589897110862708
62 89 0.22494633505095044
62 73 0.1353352832366127
62 57 0.12457372422955867
62 61 0.10595384491888883
62 64 0.08274105480246842
63 65 1.0
63 101 0.026362585534486893
63 106 0.009698253234261388
64 68 0.18569441833306513
64 74 0.12128427339675998
64 66 0.1170912478357752
64 58 0.10679579519817489
64 62 0.08274105480246842
64 41 0.044876422968841576
65 63 1.0
65 101 0.026362585534486893
65 106 0.009698253234261388
66 74 0.9661308314837597
66 58 0.8505375410556488
66 62 0.704007025403668
66 67 0.36787944117144233
66 89 0.3256236351021375
66 110 0.1778898711380547
66 68 0.1471561355827578
66 61 0.11829441840903422
66 64 0.1170912478357752
66 73 0.09527699018357061
67 89 0.8851368102149192
67 110 0.48355480418149527
67 66 0.36787944117144233
67 74 0.3554196703847464
67 61 0.3215575679694089
67 58 0.3128952752988848
67 62 0.2589897110862708
67 73 0.2589897110862708
67 57 0.09634090604905099
67 163 0.05936913184597064
68 64 0.18569441833306513
68 74 0.15922253766264477
68 66 0.1471561355827578
68 110 0.12154280492089545
68 58 0.1081274742551435
68 89 0.06832401959822204
68 67 0.05413571692313394
68 62 0.04301205986457161
70 106 0.08263173114764479
71 99 0.9001903447017393
71 72 0.36787944117144233
71 57 0.09822271791811439
71 123 0.07594227884643645
71 134 0.06801031318815164
71 105 0.046037012471769875
72 71 0.36787944117144233
72 99 0.3311615209568039
72 123 0.20643251660003795
72 105 0.12514157443855448
72 88 0.09407373129116595
72 57 0.03613411857805614
72 134 0.025019596009552
72 172 0.025019596009552
73 61 0.7828989040030677
73 67 0.2589897110862708
73 89 0.22494633505095044
73 163 0.20411154951707827
73 62 0.1353352832366127
73 57 0.12457372422955867
73 58 0.11094158261414412
73 66 0.09527699018357061
73 74 0.09143242330640657
73 90 0.08275313203210767
74 66 0.9661308314837597
74 58 0.8327207774886233
74 62 0.6755993050722123
74 67 0.3554196703847464
74 89 0.3379228538864891
74 110 0.19021940070023444
74 68 0.15922253766264477
74 64 0.12128427339675998
74 61 0.11662347218264339
74 73 0.09143242330640657
75 85 0.5821089201669113
79 81 0.5503992239403924
80 122 0.16534931753457846
81 79 0.5503992239403924
82 36 0.11246745562609797
82 18 0.08300714347102978
82 19 0.07799589095941499
82 20 0.0056230221057771285
83 86 0.04547372217644386
85 75 0.5821089201669113
86 83 0.04547372217644386
88 172 0.45903528069513744
88 105 0.20659131517647322
88 129 0.16886964254010334
88 162 0.16437364002106003
88 109 0.1353352832366127
88 92 0.10719318711371315
88 72 0.09407373129116595
89 67 0.8851368102149192
89 110 0.5929055735752454
89 74 0.3379228538864891
89 66 0.3256236351021375
89 61 0.30168117451547793
89 58 0.28855151920885636
89 62 0.22494633505095044
89 73 0.22494633505095044
89 68 0.06832401959822204
89 57 0.053994892654237216
90 163 0.11961159905636246
90 61 0.1109823018926984
90 73 0.08275313203210767
90 161 0.04400264821847724
90 97 0.03398607638608827
91 97 0.28463388853551397
92 109 0.7920564730063965
92 98 0.33088041146621333
92 162 0.2029716162670457
92 129 0.19907356311677668
92 107 0.12172410086476745
92 88 0.10719318711371315
92 127 0.1057602968833224
92 172 0.07323507115140766
94 95 0.6158109407068882
95 94 0.6158109407068882
97 91 0.28463388853551397
97 90 0.03398607638608827
98 107 0.36787944117144233
98 92 0.33088041146621333
98 109 0.29713871467271324
98 127 0.25243798364336845
98 162 0.06108086682400894
98 129 0.059840902360233386
99 71 0.9001903447017393
99 72 0.3311615209568039
99 123 0.0789075147981849
99 105 0.032529275805839954
99 134 0.032094822499581864
99 57 0.001890203676771544
100 138 0.7765520778938505
100 45 0.11984570449412572
100 134 0.10509489540974438
100 62 0.007146913893389237
101 106 0.36787944117144233
101 63 0.026362585534486893
101 65 0.026362585534486893
101 108 0.02379798218829955
105 172 0.2856775444561121
105 88 0.20659131517647322
105 72 0.12514157443855448
105 162 0.11003455581652237
105 129 0.10509489540974438
105 57 0.09174305552711687
105 71 0.046037012471769875
105 99 0.032529275805839954
105 73 0.019427326165961448
106 101 0.36787944117144233
106 70 0.08263173114764479
106 108 0.06468962253644668
106 63 0.009698253234261388
106 65 0.009698253234261388
107 127 0.6861975837506101
107 98 0.36787944117144233
107 92 0.12172410086476745
107 109 0.1093112243041984
108 60 0.1679497598031744
108 106 0.06468962253644668
108 101 0.02379798218829955
109 92 0.7920564730063965
109 98 0.29713871467271324
109 129 0.16886964254010334
109 162 0.16437364002106003
109 88 0.1353352832366127
109 107 0.1093112243041984
109 127 0.08189642139129678
109 172 0.06212366972847444
110 89 0.5929055735752454
110 67 0.48355480418149527
110 74 0.19021940070023444
110 66 0.1778898711380547
110 61 0.15588703340001792
110 58 0.14223028538430782
110 68 0.12154280492089545
110 62 0.07648540763819021
110 73 0.07648540763819021
111 112 0.8666389959798387
111 127 0.0062809190926282005
112 111 0.8666389959798387
112 127 0.03260309333729043
114 115 0.3023839617724584
115 114 0.3023839617724584
117 155 0.6994926739519061
117 157 0.6879130566501063
117 156 0.3539669436857069
117 126 0.1349993874274545
117 159 0.016480789969952888
117 158 0.015118107163899315
119 120 0.8219648285035283
120 119 0.8219648285035283
122 80 0.16534931753457846
122 123 0.05479633225364081
122 60 0.03168562747364102
123 72 0.20643251660003795
123 99 0.0789075147981849
123 71 0.07594227884643645
123 122 0.05479633225364081
125 132 0.8302664230858919
125 131 0.45036384014950404
125 143 0.08560177231664287
126 157 0.2485146726766675
126 155 0.23511400362010557
126 117 0.1349993874274545
127 107 0.6861975837506101
127 98 0.25243798364336845
127 92 0.1057602968833224
127 109 0.08189642139129678
127 112 0.03260309333729043
127 159 0.02501642825500678
127 158 0.017028465846175143
127 111 0.0062809190926282005
128 153 0.7667202858675299
128 146 0.6896473663836415
128 166 0.685147465994323
128 165 0.6507713074468183
128 152 0.5780502303796631
128 164 0.5355656415325648
128 154 0.3958587257018566
128 184 0.23940538491394442
128 136 0.2382268701431318
128 150 0.2241180909911196
129 162 0.938769880919541
129 172 0.36787944117144233
129 92 0.19907356311677668
129 88 0.16886964254010334
129 109 0.16886964254010334
129 105 0.10509489540974438
129 98 0.059840902360233386
131 132 0.6182836679211164
131 125 0.45036384014950404
131 143 0.09390451266324244
132 125 0.8302664230858919
132 131 0.6182836679211164
132 143 0.10041887355699994
134 57 0.33127950640584997
134 62 0.259142883222056
134 58 0.15589818403790426
134 138 0.1353352832366127
134 100 0.10509489540974438
134 71 0.06801031318815164
134 73 0.0350711754996094
134 99 0.032094822499581864
134 72 0.025019596009552
134 61 0.017330140039278713
136 184 0.9901392958827283
136 165 0.3642518908512235
136 146 0.34841603330077975
136 150 0.33831274817202445
136 166 0.33536545925200817
136 152 0.3226805562456843
136 164 0.3194214705995185
136 140 0.31668663691922144
136 145 0.31015644494951944
136 128 0.2382268701431318
137 185 0.36787944117144233
138 100 0.7765520778938505
138 134 0.1353352832366127
138 45 0.0626706248021998
138 62 0.0350711754996094
138 58 0.021098524892843345
138 66 0.0008893930922587246
139 28 0.12875958487365372
140 145 0.7126627766410065
140 148 0.3549353214501343
140 136 0.31668663691922144
140 168 0.31668663691922144
140 184 0.31506452728132656
140 198 0.187732381126602
140 150 0.17320634690599468
140 169 0.13057340770708165
140 166 0.12759211516937763
140 146 0.12349338147886246
141 158 0.17084333425695486
141 159 0.05730308748170852
142 143 0.09390451266324244
142 170 0.02413861779990078
143 132 0.10041887355699994
143 131 0.09390451266324244
143 142 0.09390451266324244
143 125 0.08560177231664287
145 140 0.7126627766410065
145 184 0.31299813087114836
145 136 0.31015644494951944
145 168 0.31015644494951944
145 148 0.2886725818573808
145 215 0.1353352832366127
145 152 0.12986661376429687
145 164 0.12302020076753904
145 165 0.11514557747258403
145 171 0.11265263164134628
146 166 0.954888169789991
146 165 0.9437440533604287
146 152 0.8288677408353946
146 164 0.8154033813715368
146 128 0.6896473663836415
146 153 0.4678634032278908
146 136 0.34841603330077975
146 184 0.3471840349591063
146 150 0.143806671071903
146 140 0.12349338147886246
147 199 0.8661859336445684
147 202 0.19498129969786257
147 182 0.1281671675281343
147 221 0.12529411596978682
147 197 0.1242790582745611
147 151 0.07551234884259428
147 150 0.018815118284066696
147 196 0.014046289414376458
148 169 0.36787944117144233
148 140 0.3549353214501343
148 145 0.2886725818573808
148 183 0.23654643454019894
148 198 0.2362224324780858
148 150 0.1678183494679036
148 153 0.11514775336668073
148 181 0.11514775336668073
148 184 0.11395410119613975
148 136 0.1117265520224003
150 182 0.4859496831922823
150 136 0.33831274817202445
150 184 0.33671154908207007
150 183 0.2875682403043986
150 128 0.2241180909911196
150 153 0.20878885201648095
150 140 0.17320634690599468
150 148 0.1678183494679036
150 166 0.15216423600778686
150 151 0.1459657178451505
151 182 0.2905666401725853
151 154 0.22149705001976713
151 150 0.1459657178451505
151 153 0.10962104051061416
151 199 0.0837533519746836
151 147 0.07551234884259428
151 183 0.0662787150745777
151 128 0.03820025790945684
151 148 0.01136542184393732
152 164 0.941189948604828
152 165 0.8837319480110083
152 146 0.8288677408353946
152 166 0.7889738797181919
152 128 0.5780502303796631
152 153 0.38937581466112087
152 184 0.32510681517963985
152 136 0.3226805562456843
152 145 0.12986661376429687
152 140 0.100356692228011
153 128 0.7667202858675299
153 154 0.621627299767746
153 146 0.4678634032278908
153 166 0.45683749082713515
153 165 0.4377355907457312
153 152 0.38937581466112087
153 164 0.33822793517123295
153 150 0.20878885201648095
153 183 0.19155331265785752
153 184 0.16103392450439077
154 153 0.621627299767746
154 128 0.3958587257018566
154 183 0.32824084198340214
154 151 0.22149705001976713
154 182 0.1584127901102353
154 150 0.14310089005871207
154 148 0.09892004451677214
154 146 0.09028887546703161
154 166 0.08154884915492093
154 165 0.05936330317702213
155 157 0.8687384084809918
155 117 0.6994926739519061
155 126 0.23511400362010557
155 156 0.12139251628213914
156 117 0.3539669436857069
156 158 0.17981415635066575
156 155 0.12139251628213914
156 159 0.07270667151097286
156 157 0.057965517815165235
157 155 0.8687384084809918
157 117 0.6879130566501063
157 126 0.2485146726766675
157 156 0.057965517815165235
158 159 0.33755380720851497
158 156 0.17981415635066575
158 141 0.17084333425695486
158 160 0.060125698378248785
158 127 0.017028465846175143
158 117 0.015118107163899315
159 158 0.33755380720851497
159 160 0.18680677191250508
159 156 0.07270667151097286
159 141 0.05730308748170852
159 127 0.02501642825500678
159 117 0.016480789969952888
160 159 0.18680677191250508
160 158 0.060125698378248785
160 161 0.043705579564009146
161 90 0.04400264821847724
161 160 0.043705579564009146
162 129 0.938769880919541
162 172 0.34535413918126223
162 92 0.2029716162670457
162 88 0.16437364002106003
162 109 0.16437364002106003
162 105 0.11003455581652237
162 98 0.06108086682400894
163 73 0.20411154951707827
163 61 0.15395771382594084
163 90 0.11961159905636246
163 67 0.05936913184597064
163 89 0.04400264821847724
163 57 0.0015382844937462195
164 152 0.941189948604828
164 165 0.8708650303221722
164 146 0.8154033813715368
164 166 0.7834790197479636
164 128 0.5355656415325648
164 153 0.33822793517123295
164 184 0.3203733406906719
164 136 0.3194214705995185
164 145 0.12302020076753904
164 140 0.09875356150813559
165 146 0.9437440533604287
165 166 0.9051752908337614
165 152 0.8837319480110083
165 164 0.8708650303221722
165 128 0.6507713074468183
165 153 0.4377355907457312
165 184 0.36787944117144233
165 136 0.3642518908512235
165 150 0.12386925651228262
165 140 0.11590576222919906
166 146 0.954888169789991
166 165 0.9051752908337614
166 152 0.7889738797181919
166 164 0.7834790197479636
166 128 0.685147465994323
166 153 0.45683749082713515
166 136 0.33536545925200817
166 184 0.33299538015412194
166 150 0.15216423600778686
166 140 0.12759211516937763
167 173 0.1353352832366127
168 198 0.3979442868441627
168 171 0.3538073625469857
168 140 0.31668663691922144
168 145 0.31015644494951944
168 215 0.31015644494951944
168 169 0.3037042561188749
168 181 0.15916890871282
168 136 0.1353352832366127
168 184 0.13400078205198931
168 148 0.1117265520224003
169 198 0.6421191456795744
169 148 0.36787944117144233
169 181 0.31300404556453204
169 168 0.3037042561188749
169 140 0.13057340770708165
169 171 0.1255477175627029
169 145 0.1061967080952107
169 215 0.1061967080952107
169 183 0.08702057014974555
169 150 0.061736920620566196
170 175 0.36787944117144233
170 176 0.23491684475481714
170 142 0.02413861779990078
171 215 0.8323966148900777
171 181 0.4708324230485323
171 168 0.3538073625469857
171 198 0.15952817467199684
171 169 0.1255477175627029
171 140 0.11913096434624246
171 145 0.11265263164134628
171 148 0.04618642417731721
172 88 0.45903528069513744
172 129 0.36787944117144233
172 162 0.34535413918126223
172 105 0.2856775444561121
172 92 0.07323507115140766
172 109 0.06212366972847444
172 73 0.0350711754996094
172 72 0.025019596009552
172 61 0.017330140039278713
173 167 0.1353352832366127
173 177 0.1353352832366127
174 179 0.5236480244591644
174 180 0.1353352832366127
174 254 0.04672098702600372
174 191 0.006839045743391651
175 176 0.638570190295954
175 170 0.36787944117144233
175 178 0.03233682040916449
176 175 0.638570190295954
176 170 0.23491684475481714
176 178 0.08080573644966857
177 173 0.1353352832366127
178 176 0.08080573644966857
178 175 0.03233682040916449
179 174 0.5236480244591644
179 193 0.1108959303195728
179 180 0.0708680537064737
179 191 0.039845826169447304
179 253 0.026574124446663787
180 174 0.1353352832366127
180 179 0.0708680537064737
180 191 0.05053409266107378
180 254 0.04672098702600372
181 171 0.4708324230485323
181 215 0.39594510324459975
181 169 0.31300404556453204
181 198 0.27724755068630846
181 168 0.15916890871282
181 148 0.11514775336668073
181 140 0.06723213090537535
181 145 0.05358534269375777
182 150 0.4859496831922823
182 183 0.3901030910379854
182 151 0.2905666401725853
182 154 0.1584127901102353
182 199 0.15135297911359294
182 147 0.1281671675281343
182 153 0.10446523707489981
182 148 0.10185383180254426
182 128 0.06515186061440828
182 198 0.0602768955766799
183 182 0.3901030910379854
183 154 0.32824084198340214
183 150 0.2875682403043986
183 148 0.23654643454019894
183 153 0.19155331265785752
183 128 0.10731855248864221
183 169 0.08702057014974555
183 151 0.0662787150745777
183 198 0.0581670595023575
183 140 0.007529916163186788
184 136 0.9901392958827283
184 165 0.36787944117144233
184 146 0.3471840349591063
184 150 0.33671154908207007
184 166 0.33299538015412194
184 152 0.32510681517963985
184 164 0.3203733406906719
184 140 0.31506452728132656
184 145 0.31299813087114836
184 128 0.23940538491394442
185 137 0.36787944117144233
186 187 0.7860199640877114
186 188 0.5236036323663108
186 208 0.28916058513818443
186 217 0.19188350898446963
186 213 0.18179394705792712
186 211 0.08895663596843806
186 303 0.07058999805522212
186 189 0.055212841156370825
186 192 0.01827734348650765
187 186 0.7860199640877114
187 188 0.657000488132474
187 208 0.36787944117144233
187 217 0.2691742906811346
187 213 0.24799806571232552
187 211 0.10811671627947823
187 303 0.09902368763349516
187 189 0.07135173051005084
187 192 0.03066399409071797
188 187 0.657000488132474
188 186 0.5236036323663108
188 213 0.3194512750816956
188 217 0.2701078164138902
188 208 0.24169697242353938
188 189 0.11767088249301738
188 303 0.09936711255838047
188 209 0.08487657215131415
188 192 0.07641233608134236
188 211 0.06734679581394065
189 192 0.6941704512097115
189 190 0.3605682797693756
189 209 0.13264565726570618
189 188 0.11767088249301738
189 194 0.11628235779757101
189 187 0.07135173051005084
189 186 0.055212841156370825
189 203 0.01041241456272243
190 192 0.6660590208129494
190 209 0.36787944117144233
190 189 0.3605682797693756
190 194 0.08079390697621142
190 188 0.031224345931573055
191 253 0.5901519429556675
191 180 0.05053409266107378
191 179 0.039845826169447304
191 193 0.021367490428970903
191 194 0.01739806373794422
191 203 0.010607625096290724
191 174 0.006839045743391651
192 189 0.6941704512097115
192 190 0.6660590208129494
192 209 0.2450294203638659
192 194 0.12195358962951967
192 188 0.07641233608134236
192 187 0.03066399409071797
192 186 0.01827734348650765
192 203 0.004144081139376236
193 253 0.11626542578657771
193 179 0.1108959303195728
193 191 0.021367490428970903
194 192 0.12195358962951967
194 189 0.11628235779757101
194 190 0.08079390697621142
194 253 0.03309225745442924
194 209 0.029722417348466153
194 191 0.01739806373794422
195 197 0.34718090605094
195 221 0.34183648042910486
195 202 0.055892257638405766
195 198 0.0055438224788105376
196 202 0.2064192941679887
196 221 0.04937654522008339
196 197 0.030143284360214444
196 147 0.014046289414376458
197 221 0.9749454765930973
197 195 0.34718090605094
197 202 0.169879899403599
197 147 0.1242790582745611
197 199 0.12056788975857846
197 196 0.030143284360214444
198 169 0.6421191456795744
198 168 0.3979442868441627
198 181 0.27724755068630846
198 148 0.2362224324780858
198 140 0.187732381126602
198 171 0.15952817467199684
198 145 0.11257771004490968
198 215 0.11257771004490968
198 150 0.10994308803646477
198 182 0.0602768955766799
199 147 0.8661859336445684
199 182 0.15135297911359294
199 202 0.14775666369116094
199 197 0.12056788975857846
199 221 0.11750757486195453
199 151 0.0837533519746836
199 150 0.062452594203970896
199 198 0.008816027671995264
200 428 0.944231404041231
200 649 0.9301237566995911
200 432 0.9041844613731037
200 471 0.896869276989139
200 565 0.8429786716630353
200 1040 0.8196360934231405
200 678 0.738339923540028
200 707 0.7293203229124717
200 553 0.7122001020938211
200 435 0.6795084296768867
201 212 0.7185571165218628
201 204 0.3202870185118211
201 214 0.27534127712775014
201 219 0.26065329358697176
201 403 0.18551417249855576
201 402 0.0715838265530272
201 209 0.06657031074593482
202 196 0.2064192941679887
202 147 0.19498129969786257
202 221 0.17753704672883064
202 197 0.169879899403599
202 199 0.14775666369116094
202 195 0.055892257638405766
203 213 0.05162958303144414
203 217 0.048934690765988095
203 188 0.047897293546651586
203 253 0.034744448638828175
203 303 0.018002066692889042
203 191 0.010607625096290724
203 189 0.01041241456272243
203 192 0.004144081139376236
204 214 0.6391426552012014
204 201 0.3202870185118211
204 219 0.07212810439241137
204 212 0.04085143961074733
205 206 0.9642364897172958
205 207 0.9099522189404401
206 205 0.9642364897172958
206 207 0.9063935157143089
207 205 0.9099522189404401
207 206 0.9063935157143089
208 217 0.731691583046881
208 213 0.6741286355188066
208 187 0.36787944117144233
208 211 0.2938917052151679
208 186 0.28916058513818443
208 303 0.2691742906811346
208 188 0.24169697242353938
208 216 0.10005627040330005
209 190 0.36787944117144233
209 192 0.2450294203638659
209 189 0.13264565726570618
209 212 0.09835885138372422
209 188 0.08487657215131415
209 201 0.06657031074593482
209 194 0.029722417348466153
209 213 0.021002590561451633
209 217 0.0010031527259838722
211 303 0.6837564078136623
211 208 0.2938917052151679
211 217 0.2515399252038829
211 216 0.24235297207710735
211 213 0.20637125815209043
211 187 0.10811671627947823
211 186 0.08895663596843806
211 260 0.0817241243543847
211 188 0.06734679581394065
212 201 0.7185571165218628
212 403 0.2718506369981402
212 219 0.22734559523146008
212 402 0.10505428576420694
212 209 0.09835885138372422
212 204 0.04085143961074733
212 214 0.03714282770327578
213 217 0.8494753132913161
213 208 0.6741286355188066
213 188 0.3194512750816956
213 303 0.3125045035425453
213 187 0.24799806571232552
213 211 0.20637125815209043
213 186 0.18179394705792712
213 216 0.05780983115320569
213 403 0.05246217839922751
213 203 0.05162958303144414
214 204 0.6391426552012014
214 201 0.27534127712775014
214 222 0.08921218313777013
214 212 0.03714282770327578
214 219 0.01811444836053104
215 171 0.8323966148900777
215 181 0.39594510324459975
215 168 0.31015644494951944
215 145 0.1353352832366127
215 198 0.11257771004490968
215 169 0.1061967080952107
215 140 0.09644841872890147
215 148 0.0390675856283129
216 211 0.24235297207710735
216 303 0.17331259323565382
216 260 0.1491731293720813
216 208 0.10005627040330005
216 217 0.06375813994750582
216 213 0.05780983115320569
217 213 0.8494753132913161
217 208 0.731691583046881
217 303 0.36787944117144233
217 188 0.2701078164138902
217 187 0.2691742906811346
217 211 0.2515399252038829
217 186 0.19188350898446963
217 216 0.06375813994750582
217 203 0.048934690765988095
217 209 0.0010031527259838722
219 403 0.35699909067330776
219 201 0.26065329358697176
219 212 0.22734559523146008
219 402 0.14538361976916309
219 256 0.09283700592729631
219 204 0.07212810439241137
219 214 0.01811444836053104
220 256 0.022491595418714653
221 197 0.9749454765930973
221 195 0.34183648042910486
221 202 0.17753704672883064
221 147 0.12529411596978682
221 199 0.11750757486195453
221 196 0.04937654522008339
222 214 0.08921218313777013
223 236 0.36787944117144233
223 224 0.3573166723395833
223 270 0.3573166723395833
224 223 0.3573166723395833
224 270 0.1353352832366127
224 236 0.13144945774152528
224 237 0.10590783257878221
225 226 0.32458272264740007
225 227 0.10651633906455736
225 328 0.06547875097814843
225 759 0.019174418749266047
226 227 0.33218314330529575
226 225 0.32458272264740007
226 759 0.00095111055117264
227 226 0.33218314330529575
227 225 0.10651633906455736
229 336 0.053018105737860206
230 233 0.12864453452050348
230 234 0.12509819603884753
231 232 0.9654967550065598
232 231 0.9654967550065598
233 234 0.9581265214084084
233 230 0.12864453452050348
233 235 0.12791922689340446
234 233 0.9581265214084084
234 230 0.12509819603884753
234 235 0.12308544701162782
235 233 0.12791922689340446
235 234 0.12308544701162782
236 270 0.971287417426144
236 223 0.36787944117144233
236 224 0.13144945774152528
237 224 0.10590783257878221
238 249 0.13667677601632974
238 240 0.1210467687977263
238 241 0.1079275186032018
238 250 0.05983700101197745
238 308 0.05001392211233658
240 241 0.9631908274049414
240 250 0.8264664372595409
240 482 0.3166154880521496
240 242 0.30285216743764476
240 249 0.2965798811679933
240 238 0.1210467687977263
240 259 0.027380367622836726
241 240 0.9631908274049414
241 250 0.8631748956771582
241 482 0.3528825116468058
241 242 0.33908578233311415
241 249 0.3100048481211872
241 238 0.1079275186032018
241 259 0.037557835381585004
242 482 0.9857790375645664
242 250 0.469910480892101
242 241 0.33908578233311415
242 240 0.30285216743764476
242 249 0.18256750230563495
242 251 0.025803592987477173
243 244 0.9644585973845929
243 246 0.35190551419755317
243 364 0.33948604474335875
243 247 0.2868767528450012
243 248 0.27584652394743603
243 275 0.12245555498166012
243 714 0.05346974861597361
243 384 0.03333924855811063
244 243 0.9644585973845929
244 246 0.3388327732972247
244 364 0.30403222375256816
244 247 0.27442419103001514
244 248 0.26284729094842985
244 275 0.1272482789179602
244 714 0.04866010180182399
244 384 0.037678000708907707
246 247 0.8206946691518384
246 248 0.7930364739119967
246 243 0.35190551419755317
246 244 0.3388327732972247
246 364 0.14084475472490338
247 248 0.9406917199189055
247 246 0.8206946691518384
247 243 0.2868767528450012
247 244 0.27442419103001514
247 364 0.2018151062496102
248 247 0.9406917199189055
248 246 0.7930364739119967
248 243 0.27584652394743603
248 244 0.26284729094842985
248 364 0.21678614360595685
249 250 0.3534223635930833
249 241 0.3100048481211872
249 240 0.2965798811679933
249 482 0.18765622916878452
249 242 0.18256750230563495
249 238 0.13667677601632974
249 259 0.015796975866591616
250 241 0.8631748956771582
250 240 0.8264664372595409
250 482 0.4839094924083067
250 242 0.469910480892101
250 249 0.3534223635930833
250 259 0.07484852684494392
250 238 0.05983700101197745
251 242 0.025803592987477173
251 482 0.02330630686943115
252 257 0.36787944117144233
252 644 0.24502538236168017
252 332 0.12251359894725632
252 462 0.07398007387879617
252 273 0.010406211618624962
253 191 0.5901519429556675
253 193 0.11626542578657771
253 203 0.034744448638828175
253 194 0.03309225745442924
253 179 0.026574124446663787
254 174 0.04672098702600372
254 180 0.04672098702600372
255 283 0.3518486756258307
255 620 0.10366674880360525
255 261 0.021007585301084607
256 402 0.2603207847687252
256 219 0.09283700592729631
256 403 0.0907573799711532
256 220 0.022491595418714653
257 644 0.6660480443849847
257 252 0.36787944117144233
257 332 0.33302648975744603
257 267 0.1353352832366127
257 643 0.09756771652092454
257 642 0.09710182679960365
257 273 0.028287015946007625
257 462 0.027215748236353556
257 300 0.013292420839035913
257 272 0.006571728789672301
259 369 0.07905630283620967
259 250 0.07484852684494392
259 241 0.037557835381585004
259 260 0.028340083350073972
259 240 0.027380367622836726
259 249 0.015796975866591616
259 265 0.009279326107691175
259 663 0.00920822038893281
259 266 0.007849576753831564
259 385 0.007594290410550072
260 216 0.1491731293720813
260 385 0.12615772696824568
260 303 0.12452198747190195
260 211 0.0817241243543847
260 364 0.06978700866559942
260 259 0.028340083350073972
260 402 0.011315739236382672
260 403 0.00819260031064279
261 457 0.7804089831126317
261 458 0.7490874599686822
261 564 0.7490874599686822
261 456 0.7251303583670928
261 708 0.7231551150653566
261 459 0.6975282838186697
261 289 0.6600958251119632
261 282 0.6493232791128783
261 445 0.6188251029343261
261 660 0.4128674239207811
264 290 0.7873143577472209
264 291 0.5409656637716463
264 621 0.282500931578371
264 446 0.24760896443081584
264 443 0.24616236248915838
264 444 0.23761945731057224
264 313 0.2319470365316961
264 439 0.20018538786876391
264 281 0.15135674491439302
264 383 0.14871623449569737
265 266 0.9845360570412097
265 663 0.5885396165282187
265 369 0.35504468541236495
265 385 0.20641679942843055
265 264 0.11568599354755855
265 338 0.10293870926478596
265 290 0.0937733160390115
265 593 0.08486596711705877
265 291 0.07290098298363137
265 443 0.03941749395268201
266 265 0.9845360570412097
266 663 0.5971125803330523
266 369 0.3495129774354894
266 385 0.21002534073816448
266 264 0.11436442422143703
266 338 0.10816768360714177
266 290 0.09376767264530872
266 593 0.08241947041803696
266 291 0.07431450175025887
266 443 0.041321920587797295
267 643 0.7209333308176742
267 642 0.7174908455309189
267 332 0.33302648975744603
267 641 0.2669769110698643
267 257 0.1353352832366127
267 300 0.09821844327023117
267 948 0.09317703085134947
267 644 0.09013980073603389
267 272 0.048558872693846254
267 273 0.028287015946007625
268 347 0.2592542430369322
268 602 0.010330165578675755
268 601 0.006126949060365435
270 236 0.971287417426144
270 223 0.3573166723395833
270 224 0.1353352832366127
271 499 0.36344302193356753
271 280 0.13304679029058208
272 273 0.3389720993749964
272 643 0.3195283930112945
272 642 0.28867832278615985
272 641 0.1185809981073111
272 267 0.048558872693846254
272 948 0.048246385826689456
272 332 0.04768947587245441
272 644 0.012250376016322216
272 257 0.006571728789672301
273 272 0.3389720993749964
273 332 0.15364429138856797
273 643 0.12521954318504422
273 642 0.12108121121752285
273 276 0.11634364162855555
273 641 0.047506820642716906
273 644 0.03348542398050822
273 257 0.028287015946007625
273 267 0.028287015946007625
273 252 0.010406211618624962
274 296 0.34463299420066734
274 714 0.32827556146579284
274 534 0.28905529817684983
274 329 0.19638810478291605
274 593 0.13508896092959363
274 519 0.12402260005714699
274 396 0.11924089210208966
274 338 0.11300904801045301
274 446 0.11279102775828517
274 539 0.11264775286974839
275 384 0.3342263308563324
275 714 0.3001831390553827
275 244 0.1272482789179602
275 243 0.12245555498166012
275 702 0.12199488653064094
275 274 0.07411447400335405
275 307 0.05774998745622532
275 329 0.04869702919242994
275 539 0.045070961392384416
275 364 0.033064848740619074
276 462 0.13215692136678436
276 273 0.11634364162855555
276 332 0.003543591930152624
277 306 0.9754028642961474
277 305 0.36787944117144233
278 342 0.8550859295382113
278 658 0.8429399540592905
278 659 0.7916115506018929
278 407 0.5865280813799225
278 455 0.4733526441072067
278 343 0.4690377469729441
278 621 0.41676351534375256
278 454 0.4028308516901809
278 511 0.3829892863245072
278 396 0.36498064804877733
279 372 0.33262484672502124
279 374 0.11404501876679339
279 618 0.08479448822968756
280 271 0.13304679029058208
281 584 0.8982524798767658
281 621 0.376795759155023
281 595 0.3731597515750081
281 418 0.2780360089610069
281 287 0.24480238183684655
281 396 0.24449894024231286
281 490 0.2436928021309357
281 290 0.19340023459730635
281 264 0.15135674491439302
281 691 0.14277510246150968
282 289 0.98593508367142
282 445 0.858458021064314
282 458 0.8539328923517547
282 564 0.8539328923517547
282 708 0.8472386942605873
282 456 0.8463879068064645
282 459 0.8400124938642439
282 457 0.8216115682048285
282 261 0.6493232791128783
282 373 0.6447695729051943
283 255 0.3518486756258307
283 620 0.29774694683128955
283 261 0.09925284022066982
283 517 0.06492455763423825
283 1016 0.04747217363215739
284 288 0.354746439086615
284 345 0.34325918844288245
284 343 0.288215567756733
284 455 0.2788095686735961
284 511 0.27593152543764593
284 286 0.26773934927769655
284 454 0.24446481970096023
284 407 0.24360329299862973
284 285 0.1645537253220304
284 660 0.1396559856453953
285 286 0.17049570309015166
285 284 0.1645537253220304
285 288 0.13802714265076743
285 386 0.0819446198105854
285 619 0.08118794047514069
285 370 0.0003732558162606788
286 288 0.7954174189943126
286 344 0.3925289833341035
286 284 0.26773934927769655
286 285 0.17049570309015166
286 712 0.1444033430325444
286 292 0.10357277768389254
286 293 0.10357277768389254
286 576 0.049134337002297364
287 490 0.9107844014391131
287 595 0.8372993170610741
287 396 0.7395218268839399
287 519 0.6459824068257957
287 559 0.4990077196693979
287 294 0.33990439550017815
287 584 0.3349980128420477
287 534 0.321429663784406
287 638 0.29998819660401554
287 321 0.25998714451611266
288 286 0.7954174189943126
288 344 0.5662043895269836
288 284 0.354746439086615
288 712 0.20829495440800438
288 285 0.13802714265076743
288 292 0.09918071796396481
288 293 0.09918071796396481
288 576 0.07335003399092851
288 660 0.0030144170294843127
289 282 0.98593508367142
289 458 0.8679897974037901
289 564 0.8679897974037901
289 445 0.866645032419703
289 708 0.8610602871560639
289 456 0.86024083692223
289 459 0.8531361258292293
289 457 0.8355396102565051
289 261 0.6600958251119632
289 373 0.6431400283575995
290 264 0.7873143577472209
290 291 0.6897253599938846
290 446 0.4046498968013245
290 443 0.3604295134890992
290 444 0.34870841536566166
290 313 0.34321917197265317
290 439 0.3264595330114865
290 621 0.312511655608566
290 383 0.273303903408112
290 375 0.2077168947438861
291 446 0.7062520295834954
291 290 0.6897253599938846
291 443 0.666423483227729
291 444 0.6535113453391224
291 313 0.6482333929016536
291 439 0.6363150981534064
291 383 0.583139762162355
291 264 0.5409656637716463
291 375 0.5179913086885414
291 373 0.43811546673103935
292 293 1.0
292 377 0.23140701567952432
292 286 0.10357277768389254
292 288 0.09918071796396481
292 334 0.08909886691393634
292 376 0.0851298836113346
292 344 0.06986691078644491
292 333 0.06480575803103322
292 284 0.012723670783233658
293 292 1.0
293 377 0.23140701567952432
293 286 0.10357277768389254
293 288 0.09918071796396481
293 334 0.08909886691393634
293 376 0.0851298836113346
293 344 0.06986691078644491
293 333 0.06480575803103322
293 284 0.012723670783233658
294 638 0.811554608130344
294 295 0.7133408535307245
294 321 0.6912435007267264
294 320 0.6595822172241369
294 415 0.6233688288261391
294 322 0.5614673923989453
294 859 0.36570250565421064
294 490 0.35360902270148714
294 287 0.33990439550017815
294 362 0.30385934411568377
295 415 0.8938426454598137
295 638 0.7451097200215854
295 294 0.7133408535307245
295 321 0.6798633669641069
295 320 0.6591825811287659
295 322 0.5469828835821875
295 571 0.35657822177151083
295 519 0.3424464441646032
295 396 0.3231304641646654
295 859 0.2958172534738012
296 534 0.7238849264678179
296 329 0.5919639204776649
296 519 0.35165050491220773
296 274 0.34463299420066734
296 396 0.30317116612101846
296 446 0.30003390382597955
296 282 0.29049396992115745
296 490 0.27782468749832107
296 289 0.27676345085329634
296 539 0.266171268190939
297 298 0.9882168513893749
297 327 0.6487471068046883
297 326 0.5860804697896732
297 325 0.2005940545586194
297 350 0.09989922289024977
297 526 0.08568459081418488
297 506 0.06696711246610075
298 297 0.9882168513893749
298 327 0.6475137279558251
298 326 0.5844870180636206
298 325 0.20003422476777916
298 350 0.10015043676091001
298 526 0.08145384162968809
298 506 0.06745988369348604
299 359 0.21970234386380794
299 355 0.12475296649096501
299 357 0.1091637872317114
299 916 0.10610908453400893
299 358 0.1016019041276585
299 356 0.03951735526809994
299 972 0.03951735526809994
299 392 0.0339741023642658
300 267 0.09821844327023117
300 642 0.09748221795786893
300 394 0.058462222655716954
300 702 0.054273672297208364
300 393 0.048200042234899834
300 257 0.013292420839035913
300 384 0.011352685574342719
300 332 0.009560163781557355
301 478 0.36787944117144233
301 674 0.2349464560760969
301 304 0.1648215028454314
301 859 0.14617693608601368
301 919 0.1409862596045582
301 294 0.1247390480031522
301 319 0.10979569414055372
301 307 0.10089047248099997
301 595 0.09655124855753824
301 539 0.08486131647578009
302 860 0.8608655035078487
302 316 0.30264158073148556
302 538 0.09852184542904814
302 515 0.0016095153533320626
303 211 0.6837564078136623
303 217 0.36787944117144233
303 213 0.3125045035425453
303 208 0.2691742906811346
303 216 0.17331259323565382
303 260 0.12452198747190195
303 188 0.09936711255838047
303 187 0.09902368763349516
303 186 0.07058999805522212
303 203 0.018002066692889042
304 919 0.2679509122939692
304 301 0.1648215028454314
304 674 0.09710027293156576
304 360 0.096956236950496
304 478 0.0606344423598146
304 335 0.04562322991625655
304 409 0.041022685740724325
304 410 0.0192421556339391
304 307 0.002515300349693227
305 277 0.36787944117144233
305 306 0.3588306606342909
306 277 0.9754028642961474
306 305 0.3588306606342909
307 539 0.7464609806653355
307 702 0.3982717495479792
307 674 0.2551683959154165
307 534 0.2353345142052703
307 559 0.1437233805683654
307 595 0.1391502943041541
307 287 0.1316856197763574
307 308 0.12826108471450937
307 301 0.10089047248099997
307 919 0.10059195961610394
308 307 0.12826108471450937
308 919 0.11301859551724333
308 384 0.07813954206757422
308 674 0.07496803387431879
308 539 0.053385051673070595
308 238 0.05001392211233658
311 340 0.8735201188441611
311 569 0.7700926857345212
311 472 0.734476302088024
311 387 0.6630101341259125
311 399 0.6579702312259169
311 411 0.6536297033001114
311 413 0.6343833498648962
311 397 0.6314552864353826
311 398 0.5761736287175262
311 412 0.5695926582800842
312 417 0.9486353874272014
312 341 0.8141275788417355
312 416 0.8098063030771941
312 406 0.6743820298273026
312 453 0.6189265004850993
312 473 0.6031381624720643
312 451 0.5933883572372411
312 452 0.5821033667298756
312 571 0.5807413410642496
312 805 0.5538241023497256
313 444 0.994327565919137
313 443 0.9803258184450226
313 439 0.933897451323617
313 383 0.9045531818786938
313 375 0.833050661645841
313 446 0.8036274092278357
313 373 0.7506187729592265
313 291 0.6482333929016536
313 660 0.6172193691684887
313 445 0.48063344208602227
314 577 0.04724715090335342
314 429 0.04305814165709231
314 501 0.01076379663422077
314 391 0.0018809682051191287
315 662 1.0
315 667 0.36787944117144233
316 302 0.30264158073148556
316 538 0.29365929780620725
316 860 0.28115856457998256
316 515 0.0653183980755463
316 691 0.06350334733937875
316 516 0.05897172756583677
316 424 0.04839663510222951
316 365 0.04658417150758244
316 917 0.0189895719414138
316 809 0.005175398122141355
317 330 0.8046397734916987
317 318 0.35315320186753113
317 363 0.29683619576395676
317 362 0.29600531854644796
317 773 0.28440809839387554
317 421 0.27651859799471024
317 400 0.26993974804351456
317 361 0.2563667701062718
317 466 0.25130829969236573
317 640 0.23412735061726195
318 363 0.7726923451239051
318 362 0.7707077871651503
318 640 0.6763844718646518
318 700 0.5082376047810566
318 821 0.44804215620507487
318 317 0.35315320186753113
318 322 0.3502232601443769
318 320 0.3333515317644217
318 321 0.325902476370694
318 330 0.3037481660024063
319 859 0.8631688658756769
319 322 0.615581183889298
319 393 0.6041175415391603
